1000
554
4040
1012
632
585
633
547
502
729
1233
1019
925
820
999
273
419
171
561
592
390
402
582
144
647
2
159
514
4202
2110
1899
3975
523
691
684
64
745
742
630
634
616
5030
546
882
4592
905
25
2262
480
687
350
262
394
7
542
1332
1104
649
295
526
280
1018
1819
3219
3119
2642
1731
2710
1396
550
937
1508
2398
304
1565
1
2296
1502
395
1860
2198
2067
2142
2165
1529
1281
1744
15
135
41
468
35
780
353
363
635
1162
530
113
538
986
1290
1308
1094
875
1257
492
832
207
1055
908
896
1020
1053
1066
1252
227
1013
920
489
469
1028
230
967
222
923
770
209
779
1177
763
1011
1001
628
978
767
534
399
579
465
141
206
60
762
806
520
2404
3023
2777
3000
3229
2437
1779
2943
2725
1873
1693
2125
1832
2141
2173
2045
2158
994
125
714
283
654
521
700
325
198
491
405
408
310
384
493
346
309
224
235
221
104
45
1231
1254
914
854
2388
1810
2761
1885
2266
2251
13
2174
1953
1896
1348
1714
1334
1562
1386
1352
1585
4
1566
1412
149
1317
921
1368
786
775
202
228
804
605
501
412
495
446
586
36
863
243
219
391
134
961
236
256
401
1239
1073
732
537
805
743
720
697
667
680
653
661
393
484
57
366
282
153
78
181
143
178
161
110
132
2322
1647
828
764
757
724
674
177
651
648
5929
3397
6
23
245
223
39
167
1363
204
744
758
516
658
455
77
62
156
166
142
3
54
20
21
2724
1383
640
663
276
644
378
622
611
606
602
601
600
581
580
288
533
4172
5596
5608
4197
5472
3897
5338
4694
2012
3649
4611
5013
4971
4635
2661
2600
4363
4543
4431
4350
2397
3916
4210
2897
2625
4053
1689
3735
3738
1923
3463
308
3299
3182
3172
871
3153
2992
3059
3027
2835
3036
2944
2977
2028
3714
3581
5014
4458
3006
3797
2755
3366
3381
2803
2464
2525
3317
1316
3297
1905
3062
3193
2819
2333
3194
3185
540
2848
2942
3139
3123
3073
522
2176
2726
2214
2963
2795
1185
1840
2880
2513
2894
2491
1765
2733
2536
2690
2696
1815
2399
2561
242
2521
2355
2537
2518
2293
2512
2442
2434
2164
1586
96
2243
2421
2344
1757
2408
1517
2204
2090
2306
2364
2345
1204
2323
2321
2260
2274
2297
2187
2091
1690
2155
2087
1473
1803
1543
1890
1990
1992
1943
1886
1956
1951
1922
935
1675
1713
1919
1900
1914
1903
1891
1889
1864
1867
1357
1701
1827
1486
1217
359
479
904
879
535
689
769
688
427
702
676
631
545
536
389
831
548
416
418
3642
3160
3345
3571
3099
1353
189
312
1140
1139
1143
1145
1107
238
910
725
721
643
472
272
591
488
551
541
383
477
487
518
441
503
186
300
407
317
316
301
249
100
112
94
80
68
1026
1007
973
902
284
810
270
2877
3744
851
733
387
386
396
650
266
917
1174
1269
1244
1243
1227
788
957
1147
681
811
803
802
701
705
642
2121
678
4884
5983
5227
5449
5987
5982
5969
3719
4291
481
3988
1850
5187
3824
5094
4038
3451
3820
4833
5040
4320
4945
3725
5008
4295
4559
2195
4925
4899
2472
3767
4428
4353
3841
4334
3750
3926
361
3590
3511
2118
3195
3388
3396
3087
2891
2693
2763
2654
2221
2159
2630
2627
2585
2587
2586
2563
2562
2552
2535
2475
2392
2224
2349
1557
2244
1044
2205
251
1771
2099
2034
1997
1986
1964
1993
1988
1895
1872
1892
1880
1527
1876
1222
1510
1637
1632
1245
1596
1548
1469
1302
1477
1438
1479
566
1451
1384
1456
1376
1267
1342
1286
19
877
970
4365
3197
1888
1870
1207
1392
1385
1268
1331
1315
1282
1256
577
962
1099
1119
1125
342
730
884
5139
4238
4515
5027
5021
4983
3578
4254
4402
5649
5028
5403
4649
5251
5408
5132
5280
5321
3699
3630
5217
5213
5195
5192
4890
5144
5123
5076
5037
5007
4562
2063
4788
4990
4987
4883
3919
4554
4281
664
4744
3531
2958
4729
4733
4645
3465
3611
4666
4531
4661
4622
4654
4400
4084
1656
2565
4608
4336
4591
4409
3487
4406
3319
4415
4331
4360
4075
4286
4163
2351
4198
4184
4192
4036
4126
4124
3878
2948
2955
2702
2887
2484
2728
1719
1802
2447
2370
2466
2318
1528
2304
2276
2284
2283
2194
2269
1478
1947
2225
1967
2212
2167
2175
2096
823
2147
2140
2135
2120
2117
2036
2031
1584
1741
1937
1612
1933
1788
1403
1753
1907
1861
1853
1677
1841
1837
1793
1820
1756
1738
1591
1487
1629
184
1201
1600
1578
1535
1520
1499
1439
1401
1366
1192
927
1277
3815
4236
4088
3806
3896
3734
2538
3208
2940
1063
824
916
894
357
435
1318
822
3875
3874
3828
3801
1555
2860
3855
1128
928
865
866
867
862
856
855
847
216
821
793
781
750
746
567
239
589
347
562
1092
853
214
560
557
494
430
5428
5429
5432
4946
3161
3050
2319
2231
2533
425
2378
2097
2046
215
1982
17
2044
1858
1686
1664
1702
1665
1525
417
1034
1428
1413
152
964
1335
1223
1098
593
1166
945
906
330
881
1041
931
838
963
129
948
792
753
892
878
621
358
709
639
620
666
351
193
656
655
584
88
322
120
203
498
447
440
424
473
460
449
365
410
293
429
155
345
368
354
296
326
108
314
254
294
285
240
269
260
175
72
232
179
212
210
200
195
188
33
185
56
137
133
116
122
47
111
109
89
76
28
55
53
29
34
5
1312
1116
1113
1091
985
861
860
274
4131
5253
4362
3040
5255
4521
4461
5308
5307
5259
160
5298
4838
5025
5254
4840
4553
4499
5175
3583
4405
4244
1464
1493
1447
1491
1490
1436
443
281
2124
5569
5882
3327
5895
5879
4519
2498
3655
5746
5529
3746
5576
4570
5500
2486
4850
3406
3713
4534
4253
4960
4049
2252
4918
4248
4610
1829
4857
3837
4745
4609
4416
1911
4613
4209
4532
4488
3107
3242
4235
4371
4247
4282
4176
3981
4246
4228
3143
4078
4098
4170
3272
4118
4147
4146
4077
3715
3385
3223
3013
3237
2594
3710
3496
1159
3697
3646
841
3673
3671
3650
3466
2692
3438
3476
3568
3550
3520
3309
1620
2178
3436
2098
3292
3198
2328
3374
3355
3338
3316
2334
2780
3295
2291
3233
3225
3251
3245
3240
2405
2934
3205
3190
2961
3145
3598
2969
3164
1394
3127
2928
3020
1912
2812
2757
1165
1154
984
5348
2784
1289
3214
3335
4187
3653
4004
3342
3798
3768
3709
3656
3701
3700
3538
3005
1743
3308
3220
448
2610
3236
3250
3429
5398
5397
3831
3427
2688
5046
5061
5047
4709
3389
4867
4524
4801
3903
4599
4576
4217
4518
3688
4434
4443
4449
4447
4430
4442
4439
3113
4273
4401
4393
4391
4283
4375
4379
4309
1991
4189
4269
3600
3887
2839
4159
3682
4165
4142
4113
4135
2409
3101
3479
146
2805
4047
4048
3500
3821
4029
4028
3854
4011
3928
1998
3904
4025
3526
3862
4013
4005
3998
3972
3927
3924
3543
3917
3894
3913
3832
3892
3891
3168
2391
3883
3860
3534
3056
3846
3856
3848
3825
3822
3336
3814
2865
3813
2612
3810
3808
3769
3778
3703
3618
3724
3722
2315
180
3702
3696
3545
3687
3585
3684
2487
3681
3549
3475
3679
3677
3664
3675
3668
3662
3535
2079
3647
3582
3623
3368
3628
3533
3624
3591
3613
3612
3609
3608
3605
3573
3126
3506
3548
3415
3523
2050
3515
3514
3448
3302
2249
3503
3391
3395
3247
1916
3003
3458
3464
3462
3455
3412
3435
3452
3392
3449
3231
3444
3443
3441
3433
3137
3419
3417
3268
3408
3405
3404
2767
3387
1052
3370
3382
3380
3352
3348
3203
3341
3312
3306
1295
1971
3291
3273
1981
3246
3277
2987
3276
3239
3241
2731
3222
1271
2343
3202
3187
3120
3183
3181
3175
2889
3136
3121
3044
3146
3150
3141
3138
2476
3078
3105
3112
3111
3110
3104
2876
3080
3048
2788
2809
2926
2496
2993
2994
2524
2758
2968
2872
2529
2643
1752
5607
4304
3804
4717
5315
4964
2892
3982
2732
2711
2590
2620
2146
1746
1657
2085
2115
2104
2102
1587
1582
1736
4965
3298
3254
2775
2593
5053
3489
3492
3482
3018
2658
1615
3235
1735
3025
3019
2974
539
2995
870
2740
2636
192
2451
869
2017
1792
2603
2601
2033
2478
2265
2193
1948
1764
1482
1345
1772
1763
1747
1700
1674
1706
913
1687
1672
1681
1574
1539
1554
1530
777
1375
1471
1470
1468
1400
163
587
1446
1319
452
726
623
298
462
2311
2030
1940
2199
1921
2219
2200
1609
1605
1521
1424
1275
1402
1199
1325
1338
1328
1061
610
26
51
2473
1480
1507
1509
3957
4604
3574
2132
2485
2859
2581
2808
2415
1670
2233
2417
2369
2257
2255
1751
2330
2301
1939
2083
2051
1704
1794
1754
929
615
485
93
2303
1512
5363
5506
5064
1639
4668
4667
4686
4679
4680
4681
4682
4683
4119
3976
3572
115
4284
3781
4206
2188
3659
3470
3326
1800
3204
1583
1576
1645
5925
5689
4921
5418
703
3527
2471
2410
2455
2341
2123
1944
1749
1727
1541
1010
1369
10
197
8
1134
9
773
672
695
677
61
569
563
511
421
505
486
431
464
320
442
438
356
324
139
311
271
261
234
247
225
165
114
145
138
119
101
81
74
71
31
32
5712
5501
5275
4771
4569
5099
5056
4986
4926
4907
4870
4802
4800
2801
4535
4450
4456
3311
4432
4421
4383
4387
4278
4275
571
2080
3929
3621
3640
3729
3706
3648
3676
3661
3626
3643
1616
3410
3414
3054
3353
2898
3253
3114
2929
2609
2941
2937
2901
2893
2794
2821
1272
2679
2729
2588
2683
2682
2680
2684
2644
2548
2550
2488
2469
2433
2346
2419
2348
2365
2393
2072
3086
4673
4675
4688
2493
2480
1809
2359
2103
1977
1999
1938
1965
1941
1963
1946
1806
1924
1778
5956
5611
4205
5921
5508
5684
5512
5466
4107
4732
4638
4203
3785
3786
3787
3788
3789
3790
3791
3792
3793
3794
3795
3761
3760
3759
3756
3757
3502
3378
3001
2886
1954
2275
2633
2673
2669
2672
2670
2657
2671
2639
2648
2640
2606
2634
2631
2632
2629
2568
2628
2621
2623
2622
2617
2604
2602
2572
2571
2570
2592
2597
2574
2598
2566
2573
2569
2567
2559
2556
2549
2514
2505
2532
2540
2312
2435
2453
2449
2332
2424
2367
2292
2119
2325
2189
2317
2227
2298
1634
2261
2229
2168
2166
2162
2054
2116
2254
5635
5718
5708
2431
1859
2723
1697
1532
2371
1973
1843
2101
2094
2065
2071
2062
1918
2021
2014
1720
1987
1960
1974
1931
1915
1799
415
1668
1617
2400
2213
1624
1834
1936
1945
1893
1935
1920
1901
1755
1871
846
1830
1825
1808
1807
1801
1322
1740
1780
1775
1556
1476
1721
1453
297
70
97
5965
5574
4251
3994
3636
3314
3445
2564
2962
1293
1968
1845
795
355
303
187
5974
2742
3442
3421
3285
3274
2089
2041
1633
718
1500
1377
1422
1415
859
201
265
372
257
233
174
168
162
157
147
148
140
105
86
83
75
1430
1429
470
1423
428
1416
1351
626
437
467
423
463
6005
6004
5993
3992
5998
5997
5992
5995
5981
5980
5979
5964
5953
5928
5948
5939
4852
5934
5933
5932
5931
5927
5926
5920
5924
5919
5903
5890
5897
5886
5894
5801
5892
5891
5885
5881
4924
5878
5868
5867
5852
5855
5854
5831
5825
5843
5605
5832
5816
5815
2483
5793
5777
5433
5792
5702
5756
5755
4264
5711
5703
5653
5652
4136
5554
5619
3772
5614
5600
5592
5581
5579
5567
5566
5538
5537
5503
5502
1648
5492
5475
5474
4642
5468
5412
5352
5351
5294
5274
5265
5256
5236
5248
5247
5229
5220
5211
5156
5155
5141
5140
5137
5136
5135
5134
5131
5095
4516
5091
5090
5073
4463
5045
5044
5043
5020
3989
5024
5019
5018
4942
900
4973
4972
4889
4895
4861
4822
4878
4877
2691
4865
4864
4859
4854
4837
4826
4787
4821
4820
4511
4799
4790
4767
4772
2413
3425
4674
4671
4641
4640
4606
4601
4612
4555
4542
4487
4424
4498
3743
4482
4457
4446
4436
4219
4435
2470
4381
4373
4364
4231
2313
4349
4343
4274
4017
4300
4294
872
4221
4216
3102
4090
4127
4117
3920
4102
4093
4080
4032
4079
4067
4066
4064
3991
4063
4002
3952
3979
3908
3907
3002
3906
3890
3839
3836
3835
3819
3818
3811
3803
3758
3805
3774
3773
3754
3742
3720
3741
3740
3739
3718
3663
3717
3693
3692
3691
3690
3577
3666
3635
3634
3633
3632
3631
3588
3617
3616
3615
3614
3606
3594
3587
3300
3536
3532
3494
3508
3507
3328
3486
3453
3480
3457
3447
3446
3170
3426
3424
3413
2899
3407
3296
3393
3364
3363
3362
3334
3209
3325
3324
3305
3304
436
3269
3270
3284
3283
3266
3227
3228
3213
3212
3211
2526
3200
3199
3179
3178
3177
3163
3176
3156
3155
3128
3124
3118
3117
3106
3095
3067
3064
1462
3053
3051
3041
3028
1897
2183
3021
3008
2980
2990
2772
2989
2986
2985
2983
2976
2972
2971
2947
2927
2909
2844
2834
2829
2379
2785
2448
2818
2820
2789
2797
2791
2786
2647
2773
2769
2715
1781
2687
2663
2646
2655
2653
2616
2614
2613
2530
2596
2595
2589
2579
2577
2558
2551
2547
2531
2528
2527
2509
2506
2495
2463
2482
2481
2450
2446
2432
2428
2356
2390
2340
2299
2314
2302
2264
2248
2247
2215
2192
2191
2190
2177
2172
2170
2129
2052
2109
2074
2070
2039
2029
2025
2004
2005
1898
1653
1983
1978
1970
1959
1958
1957
1928
1926
1884
1894
1879
1869
1838
1857
1836
1823
1812
1095
1797
1795
1796
1786
1784
1734
1733
1732
1724
1709
1699
1694
1691
1678
1649
1655
1654
1651
1644
1640
1625
1627
1618
1515
1597
1613
1492
1601
1594
1593
873
1581
1561
1560
1558
1552
1544
1547
1540
1534
1533
1523
1506
1505
1498
1497
1437
1288
1484
1483
1463
1474
1460
1459
1452
1450
1417
1441
1445
1356
1440
1426
1434
1432
528
1414
1406
1405
1393
1382
1362
1361
1337
1299
1314
1305
380
1294
1090
1112
1137
1136
950
976
975
836
458
374
267
248
246
79
69
65
1379
499
814
4887
4605
4366
4361
1984
2494
1994
1200
1043
1046
594
433
409
4639
3669
1636
1364
1176
450
2460
2444
2443
1372
1279
659
164
636
1449
1404
794
1242
1373
1346
1130
1307
1333
1330
1323
1320
1262
1229
1266
1265
1264
1249
1248
1226
1225
1224
1202
1221
1215
1208
1205
1195
1068
476
3971
4101
1340
1292
244
173
158
953
1631
1198
1389
1301
1298
1237
791
1173
864
801
1278
1263
1037
2888
2770
1611
1300
1296
1114
1117
1108
1101
1006
958
1060
915
1050
1005
608
1047
241
1033
1032
1027
1024
1009
827
857
960
959
934
956
886
898
617
583
880
868
799
735
848
1008
1074
1106
954
992
1017
1016
932
939
919
909
911
760
1022
1628
1321
1310
1466
1048
1039
1054
1051
987
731
711
1100
1167
1152
768
1105
629
578
1057
1285
1232
938
1109
1023
977
965
968
926
771
2501
1164
1126
1070
818
843
842
3597
1003
1002
1025
1181
979
1004
933
897
833
2084
2778
37
497
275
307
340
229
299
279
264
255
252
250
208
231
218
217
213
205
199
191
194
172
87
707
1161
907
556
555
549
150
4871
4125
4370
4423
4345
3816
3528
3978
3830
2833
2461
4214
4367
5476
4085
3910
5012
3680
3456
3255
3344
1787
2201
3196
2843
3148
3055
2981
2861
2018
2868
2754
1881
2822
2580
1989
2127
1662
1817
1789
5015
5016
5316
5786
4723
5709
5591
5552
4991
5484
5483
5479
5473
5467
5382
5381
5436
5367
5431
5312
5430
5305
5407
5406
5405
5402
5401
5400
5395
5394
5392
5391
5389
5387
5386
5388
5385
5380
5379
5378
5377
5376
5375
5374
5373
5369
5361
5357
5354
5350
5349
5346
5344
5343
5342
5341
5340
5337
5335
5334
5333
5332
5331
5330
5329
5328
5327
5326
5325
5324
5323
5320
5319
5314
5313
5303
5301
5295
5291
5285
5289
5288
5281
5277
5276
5273
5270
5262
5243
5235
5237
5240
5239
5231
5233
5232
5230
5115
5225
5223
5222
5216
5215
5210
5209
5207
5205
5204
5203
5202
5201
5200
5198
5197
5193
5196
5191
5189
5190
5185
5182
5181
5177
5176
5107
5114
5116
5169
5159
5174
5173
5172
5164
5171
5170
5168
5167
5166
5161
5160
5154
5153
5150
5149
5148
5147
5083
5113
5112
5111
5110
5109
5108
5106
5082
4988
5081
5077
5072
5071
5070
5069
5067
5066
5068
4966
4996
4967
4998
4914
4913
4912
4911
4910
4909
4815
4490
4841
4816
4762
4741
4742
4664
4663
4662
4646
4614
4603
4746
4739
4687
4587
4766
4747
4743
4707
4672
4669
4701
4676
4684
4678
4677
4578
4607
4459
4478
4279
4140
3974
3800
3771
3683
3637
3596
3469
3347
3365
3354
3346
3321
2984
2908
2779
2667
2396
2626
2553
2459
2441
2438
2422
2350
2271
2203
1767
5443
4963
4828
4698
4757
4505
3893
2605
710
4902
5647
2246
2245
2232
1504
716
2932
507
2607
2310
2507
2456
2389
2394
2289
2373
2342
2144
2279
2256
2270
2095
1725
5917
5968
5963
3063
5947
5938
5299
4538
4594
5870
5864
4382
5609
5612
5618
5533
5489
5488
5455
5269
5245
5206
5158
3029
3318
3315
2879
2716
2186
2181
2185
924
922
1103
971
508
738
3840
553
752
559
544
457
411
2354
543
512
1151
1150
454
596
3667
1409
1121
940
988
627
398
1065
1917
1862
1155
382
590
607
406
348
5844
2049
1551
712
190
318
315
313
176
5946
5439
5905
5889
5869
5457
4595
5851
5783
5795
5750
5212
5267
5080
5129
5036
5006
4898
4891
4851
625
4636
4404
4346
4298
4158
3807
3829
3728
3707
3592
3644
3567
3562
3560
3552
3541
3485
3473
3288
3333
3142
2430
3129
3265
3162
2837
2903
3071
2950
2076
5413
5858
5857
5691
5550
5480
5563
5544
5471
5505
5490
5421
5417
5086
5096
4708
5062
5001
2003
4665
4868
4844
4835
4858
4853
4795
4791
4814
4818
4804
4616
4452
4775
4796
4777
4756
3278
2584
4659
4697
4634
4501
4245
4242
4208
3343
4138
3895
2019
3584
2652
3379
3337
3307
1258
3230
3217
3216
3206
2759
3076
2402
3090
3049
2925
1975
2965
2380
2924
2881
2866
2751
2741
2747
2718
2701
2704
2705
2703
2699
2697
2698
2694
2666
2668
2651
2638
2576
2516
2508
2273
2337
2468
2440
2395
2336
2002
2236
1546
2081
2077
2061
2058
2055
1952
1950
1811
1930
1619
1848
5050
4315
2503
1887
5063
3258
3711
3727
3619
3569
3570
3566
3565
3564
3563
3555
3556
3557
3558
3553
3498
3554
3376
3432
3431
3373
3349
3287
3259
2363
3116
3109
3108
2815
2956
2953
2863
1669
2714
2787
2541
2542
2522
2545
2544
2543
2539
2504
2374
2285
5984
5973
5972
5913
4384
4301
2618
3923
3472
3483
3434
2615
2557
2555
2411
2048
2207
2016
2108
2011
2006
1910
1909
1902
1833
1537
887
699
765
751
741
619
612
16
2206
5655
5860
5779
5530
4266
5454
3504
5404
3394
3880
328
4133
4770
4735
4323
4314
3189
3096
4099
2913
2954
3865
3852
3863
3765
3694
3620
3422
3074
2907
3652
2878
3641
3579
3100
3043
2781
3501
3323
2966
3260
2635
3409
3400
2858
2952
2915
3091
3072
3042
3210
3207
3016
3077
2949
3192
3165
3184
2847
3079
3094
3093
3088
3085
3084
2828
3033
3011
3083
2730
3075
2895
2416
3069
3070
3035
2511
2624
3038
3037
3010
2997
2991
2975
2959
2933
2914
2867
2854
2931
2930
2910
2912
2905
2875
2862
2851
2857
2827
2832
2853
2824
2919
2873
2423
1966
2357
1955
1715
1568
1542
1458
1115
2114
1839
1804
5845
4923
4843
4755
4444
4451
4440
3776
3293
4395
1976
3399
2920
2020
1667
1526
1730
1650
1608
1580
1570
3859
2762
2738
2678
2737
2676
2674
2722
2721
2720
2700
2717
2712
2709
2708
2707
2706
2497
2454
1846
2040
1769
1680
1692
1682
1676
1496
1421
1518
1623
1553
1536
1516
1524
1522
722
1513
1511
1488
1457
5859
4719
5817
5811
5520
3766
5754
5551
5525
5440
5840
5606
5828
5510
4385
5629
5819
5769
5807
5528
5594
5799
5784
5654
3864
5698
5482
5676
5065
5613
5623
5624
5617
5539
5521
5450
5005
5526
5513
5511
1726
5487
5157
5485
5318
5317
5100
4860
4969
4768
4211
3262
3439
2053
1370
2998
2923
2093
1925
1883
1773
1642
1621
1610
1603
1589
5498
2145
713
1246
319
352
466
66
2386
2258
2510
1712
1698
1683
1673
1666
1575
1660
1659
1646
899
1626
1614
1607
1595
1598
1588
2196
2032
1942
1785
1849
1842
1776
1722
1762
1688
1658
1599
1494
1431
1399
1467
1408
673
1359
1381
1717
1465
1635
1592
1179
1602
1354
1573
1550
1503
1454
1203
1425
1410
1407
1344
1235
1156
1124
1030
1029
844
776
4096
3730
645
2197
2184
2151
1170
2092
807
825
785
759
704
638
377
289
321
292
286
278
127
237
211
2368
850
766
471
392
835
532
3540
1214
3593
3450
2043
1844
1835
1831
1774
1821
1761
1745
1748
1444
1442
1228
500
46
849
692
558
259
375
1572
3149
515
287
1253
1230
4010
912
895
809
778
749
748
747
734
1283
1157
1132
890
736
727
798
693
662
1120
845
1058
790
789
603
2452
432
306
305
183
774
3784
1770
1758
1182
1040
1049
852
169
5079
4937
4875
4893
4862
4829
4761
1186
800
797
812
1189
3645
268
258
1220
1219
941
1218
686
527
263
291
787
44
3966
3367
2619
708
2499
1168
972
131
196
404
170
618
506
490
1485
1579
1571
1448
1391
665
4916
5838
5742
5446
5737
5736
5719
5730
5731
5732
5729
5733
5599
5103
5396
5345
5448
5441
5384
5304
5279
3513
5224
5226
5208
5121
574
4934
5041
4052
5059
5035
4993
3512
4330
4989
4978
3986
4873
3901
4855
4845
4779
4648
4188
4493
4557
4650
4411
4419
4623
4252
4584
4556
4522
4394
1750
4455
4454
4162
4287
4389
4354
4339
4347
4303
4280
4265
4139
4270
4263
4204
4218
4201
4122
5657
5656
5827
5481
5541
5296
5478
5610
5497
5494
5228
4114
5052
4961
4886
4703
4813
4805
3610
4797
4647
4629
4558
4462
4571
4233
4563
4533
4328
4438
4418
4333
4312
4307
3980
4271
4262
5598
5597
5531
4880
5536
5518
5517
5560
4943
2131
4879
3257
4693
4731
4427
4699
4632
4417
4000
5504
2136
4213
5219
4919
4881
4573
2230
4420
4848
4830
4825
4778
4765
5186
4836
4760
4489
4344
4305
4160
4082
3799
2202
5803
5410
5178
5120
4834
4806
4706
5119
5088
5089
5101
5034
4803
4776
4337
4670
4026
3481
4794
4740
4774
4258
4568
4759
4579
4652
4598
4585
3474
3499
2807
2000
4530
4527
4546
4550
4547
5664
5582
5575
4811
4577
2477
2406
5759
4583
4422
4380
4374
4276
4268
4103
4137
4169
4191
3488
3909
3900
3844
3657
3516
3559
3518
3505
3497
3493
3491
2973
3173
3144
3140
2946
5632
4940
2845
4928
4256
4167
4227
4220
4212
4199
4185
4183
4181
4168
4022
4149
4134
4121
4116
3995
4062
4060
4059
4056
4055
4054
4051
3547
3925
3885
3881
3868
3867
3851
3842
3823
3775
3629
3873
3802
3188
4897
3956
5355
5272
3159
3103
5033
3658
3601
3490
3440
3416
3390
3289
3275
3032
3221
1856
2686
3045
2917
2838
2896
2884
2846
2831
2796
2804
2802
2776
2727
2719
2649
2329
2534
2519
2492
2479
2462
2242
2358
2278
2272
2267
2253
2250
2238
2217
2220
2149
2112
2105
2100
1190
2059
2066
5451
5284
5625
4748
4738
4737
4655
4637
4509
3015
3733
3586
3524
3471
3467
3264
3384
2465
3361
3224
3428
1327
3031
1303
834
475
5057
3171
2918
2883
2882
2856
2849
5856
4545
4627
4633
4566
4631
4626
4596
4483
3704
4237
4398
4376
4351
4086
918
796
670
2208
2960
4352
3726
3708
2578
2160
2150
2126
1932
1868
1828
1131
3478
3215
1685
1995
5188
2811
2309
2022
4179
5861
5146
5524
107
106
2113
2517
2339
2137
2042
2338
2281
2282
2069
2064
2047
1878
1875
2143
1531
2010
2133
1972
1240
2376
2407
2277
2057
5054
2038
4190
4152
3589
2906
3377
2817
3009
2489
2427
2335
2237
2210
2013
1980
1622
1549
1481
1420
1336
997
1259
524
504
995
955
837
682
595
517
930
888
4549
4486
4267
3723
4240
4226
4089
4012
3745
5365
3902
4018
3748
5297
5263
4551
5097
3877
1538
1360
1142
1141
1144
1129
1358
1138
990
974
815
1102
891
482
339
529
817
808
772
371
367
349
323
3026
2138
1519
1411
403
981
903
1183
813
783
782
277
1196
2871
598
2921
2681
1703
3736
728
668
1175
1021
952
1270
784
1287
1149
901
706
1062
754
717
4982
4894
5966
5957
5945
5941
5940
5922
5853
5753
5796
5773
5740
5660
5241
5967
5765
5902
5970
5918
5835
4831
4651
4544
4502
4492
4412
4410
4290
3770
3603
5988
5971
5523
5904
5682
5595
5411
5469
5368
5442
5358
5162
5142
4941
2056
4773
4588
3695
4484
2970
5863
5565
5829
5726
5778
5743
5249
5707
5460
5700
5680
4882
5640
5638
5639
5636
5633
5465
5462
5463
5459
5306
5383
5445
4812
5425
5426
5409
5362
5347
5310
5339
4092
5322
5300
4239
4200
4148
2290
5105
4752
4582
4565
4528
5985
5667
5813
5810
5797
4970
3882
3678
3510
3509
5098
4377
4342
4302
3843
4593
4754
5283
5074
5336
5152
5042
5009
5017
4944
4917
5912
5800
5615
5603
5491
4900
4495
4035
4980
5118
3122
4225
5570
5553
3660
4292
3996
2743
2211
3281
3047
2520
2372
2353
2352
2320
2128
2139
2134
2122
3267
3403
2800
4297
2515
3796
2305
5722
2575
4390
4368
4335
4329
4123
3602
3369
3191
2268
2259
2209
2037
2035
2009
1904
1882
1874
1866
1865
1852
1851
1805
1790
1782
2582
2015
1929
1927
5287
4095
1949
2163
2107
2106
1961
1564
1238
1495
565
1455
1443
1419
1397
5128
3232
1135
4249
5184
4356
4348
4327
5622
5353
5543
5138
5031
5029
4695
4643
4580
3252
4481
3764
3024
3580
3625
3604
4685
2316
4624
4617
4589
4497
4494
4485
5798
5679
5658
5250
5422
5437
5923
5309
5470
5293
5444
5434
5419
1324
5423
5420
5414
4537
4355
4293
3985
4903
5039
4177
5914
5789
5776
5268
5145
5124
5117
4734
4992
4539
4644
4621
4586
4597
4625
3749
1347
4517
4045
3857
4656
4657
4630
4552
4520
1877
4058
4480
4413
4730
3539
4106
4905
4180
2766
2760
2753
2752
2749
2746
2745
2744
2736
2735
5999
5916
5802
5670
5616
5143
5573
5514
4016
3990
2911
2420
2713
2750
2739
1847
3158
2280
2228
3066
2798
2382
2331
5393
4758
1475
3358
4195
4164
597
5125
5578
3935
2324
2307
1191
1604
4369
5790
5782
5772
3876
4425
4378
4257
1934
2078
2148
1906
3861
2286
1826
1759
1695
1710
1855
3546
1696
1661
1783
4144
2436
2180
4548
2001
1418
1822
1818
1816
1367
1193
1291
4030
2999
1015
826
1038
980
5424
5893
5781
5692
5673
5630
5627
4866
4166
4057
3850
3838
2239
1606
755
876
3174
858
652
1127
1036
1093
1064
885
3898
839
4922
4024
3689
3420
478
5252
5133
4753
3884
4020
3999
3889
3879
3544
3537
3320
3082
2874
5092
434
290
2840
2608
4618
154
4243
991
1260
4157
95
942
1313
1435
1374
840
5805
1304
669
1501
1854
379
329
1247
439
444
1035
1250
360
943
5991
624
1184
1172
829
302
52
1371
1365
1350
327
5583
5580
5372
5286
5242
5244
5678
4196
4108
5435
4259
3607
1148
889
936
819
575
459
456
5715
5674
5547
5366
4856
4807
3858
5548
4574
4985
4115
2546
1069
5000
4536
4491
5986
5977
5976
5975
5937
5901
5898
5887
5880
5875
5874
5873
5872
5871
5704
5183
4031
3595
3542
4100
4110
3238
4313
1160
570
4560
3329
2799
3303
3234
5877
3371
4326
5686
5546
5461
5022
3061
3167
3022
5989
4065
4448
4083
4046
4044
3987
3997
3092
2458
2362
1979
2765
1280
3430
2816
4691
3437
3993
3849
3674
3654
4037
4003
4061
3866
3360
3157
4600
5555
690
3034
4392
4763
5452
4277
4250
4696
2412
4001
4182
4174
3915
3922
3817
3046
2922
2782
3888
3899
3905
4034
5218
4186
4155
4007
4397
4388
4008
3783
3984
5884
5559
5883
5876
5677
5846
5847
5806
5602
5757
5695
5662
5645
5571
5540
5499
5561
2936
2810
445
4615
3698
4316
2414
2988
2768
3575
5590
5234
5051
4874
3812
3777
3423
4628
4318
2870
5990
5179
3383
2502
3271
3263
3244
4296
2823
332
2665
2964
4224
3921
2885
2841
2806
2154
5604
5766
2900
5458
3983
2996
5710
2226
2223
2182
2086
2088
2111
1739
4977
4968
3599
3068
2830
3052
2935
5390
5075
4997
4042
4319
4299
4112
4027
4023
3651
3914
3872
2852
3751
3712
3639
3561
3525
3495
3468
3357
3286
3280
3248
3249
3218
3180
3115
3081
3375
2659
5093
4939
3398
3340
3060
3058
2748
2241
2366
2308
2179
2152
2027
2007
1814
1798
1671
1768
1760
1711
1630
1705
5814
5780
4724
5527
5516
2360
2813
2660
2288
3411
2599
2068
2429
3454
3359
2939
1380
1708
1766
1728
1014
637
588
1297
451
1078
613
531
461
576
675
474
496
483
2216
2161
2130
1985
1863
5936
5866
5257
453
5003
3845
3294
2916
3154
2641
2945
2904
2869
5532
1679
3313
1824
5427
2327
2060
1311
1309
5260
5822
4932
5477
5311
4324
4704
5038
4414
4255
4033
5944
5593
5542
5534
5496
4736
5961
4154
3782
4153
4150
5764
5762
5760
5661
3331
5643
5824
3847
5447
4938
4261
4241
3886
2439
1133
696
685
3622
3226
564
694
552
370
998
951
4437
103
4512
4433
1213
641
573
2982
2490
2474
2240
2082
5634
5823
5713
5545
5577
5180
4904
4161
1273
2685
4700
3521
3332
4751
1813
1791
5949
5994
5962
5958
5952
5955
5650
5900
5951
5950
5943
5942
5935
5770
5721
4792
4702
4540
4690
4572
4285
4514
4441
4322
4097
4306
4171
4151
2695
2425
2295
2263
2235
2234
5744
5687
3779
2403
2222
2169
3279
2445
572
4215
2500
893
5522
4308
4407
4479
4311
4310
3477
1969
830
1390
1388
1387
1378
525
385
344
333
343
426
335
413
331
364
362
381
519
337
422
420
373
376
369
341
414
400
397
336
338
334
388
182
1076
698
5820
5804
5791
5888
5910
5909
5906
5908
4952
5907
5849
5837
5659
5130
5568
5589
5588
5587
5586
5585
4145
4984
4979
4863
2677
2689
2675
4869
5055
4780
4338
4842
4839
5194
4872
4602
4915
5261
2383
4689
2347
2377
5271
3753
3721
3731
3459
3737
660
3201
4477
5214
5011
4906
4141
3869
3418
3290
3166
3125
2792
2783
2774
2734
5453
2326
3301
3716
2026
3834
1433
1349
1341
1178
982
99
4888
1212
1210
1118
1395
4094
4006
3973
3780
3755
3752
3705
3670
3686
3685
1343
1241
1329
1255
1216
1206
1163
1042
1197
1077
969
947
1194
1045
949
1096
1059
1056
1326
1084
1075
1641
2836
946
1234
874
2793
1123
1031
614
715
3151
2375
5830
5745
5741
4222
5558
5672
5371
5370
5364
5238
5199
4660
4750
4692
5631
4386
3870
2662
5767
5725
5724
5714
5699
5694
5642
5685
5360
5278
1122
513
509
510
5356
1067
679
1209
220
5899
4847
5826
3930
4728
4727
4726
4725
3933
3934
3937
3939
4068
3941
4722
4317
4786
4721
4073
4785
4720
3946
4784
3947
4783
3948
3949
4718
4782
3551
4340
4781
3519
4359
3954
4504
4716
4341
3960
4715
4714
4713
3961
4712
4711
3962
3133
3963
3964
4289
3965
4710
4358
3065
3969
4357
4074
3130
4072
4071
3131
4070
4069
3943
3942
3936
3970
3968
3967
2656
3959
3135
3958
3955
3953
3951
3950
3945
3944
3940
3938
2825
3256
3932
3931
3134
3132
2902
3401
3351
3322
3012
5930
5464
5693
5456
4832
2300
5701
5292
5282
5221
4975
4460
4789
4403
1737
4507
4936
4935
4933
4466
4798
4541
4529
4467
4453
3484
2426
2024
5809
5808
5768
5720
5978
4372
4288
5163
5151
5165
5122
5085
5010
4523
4994
4955
3517
5775
5264
5258
5023
4927
4920
4896
4325
4076
3871
3826
3460
3310
3261
3243
3169
2890
3030
3017
2826
2756
2664
2645
2637
3098
2008
1718
1716
1707
1663
1569
1472
4396
1729
1577
2387
2385
1913
1962
723
1514
5862
6003
4175
5821
5644
5833
5675
5507
5557
5048
5748
5915
5839
5515
5601
5705
5836
5785
5683
5549
5818
5688
5749
5747
5706
5104
3977
2073
671
2523
1777
1643
4619
1158
1723
737
3627
4429
4426
4824
4823
739
4901
1187
2287
1590
5060
4949
5084
5058
5026
4999
4810
4474
4128
3522
5648
5002
4976
4892
4959
4957
4956
4808
4954
4953
4951
4950
4948
4947
4809
4769
4525
4930
4962
4846
4513
4705
4653
4876
4506
4207
4156
5723
5646
5495
5087
4581
4564
4178
4041
4039
5850
5761
4234
2864
2850
4321
4081
4230
4229
4019
4508
3529
4658
2771
3089
2153
3372
4399
2401
2381
1684
2023
3147
2611
4232
3097
2591
5078
1153
1111
609
599
1427
1071
5960
5911
5848
5641
4567
4496
4043
4981
5564
5556
3747
4111
2978
5049
5032
5415
4620
4749
4105
4015
719
5127
5126
4476
4475
4473
4472
4471
4470
4469
4468
4465
4464
4120
756
2171
2157
2156
1908
3853
996
989
1276
1274
4503
5626
4091
5438
4974
1261
1251
1489
966
944
5302
5290
5246
4109
1236
1169
1146
816
657
761
646
683
4050
2790
5359
5486
4143
2814
1089
1088
1087
1086
1085
1083
1082
1081
1080
1079
1110
4995
5763
5788
883
740
604
1461
1559
5752
5519
5996
5959
5954
4908
4764
4793
2384
3732
1545
1355
983
1180
1097
1171
993
5669
5668
5665
5663
4104
4849
4958
4931
4929
4087
3827
4130
4129
5896
1188
5681
5774
4526
5738
5416
1284
1306
1211
5004
5666
