1000
554
4040
1012
632
729
1018
2124
4694
3828
3714
3837
4172
2063
215
33
2045
4608
13
1128
4970
4942
3414
35
6005
6004
5993
3992
3598
5983
1810
4499
5227
546
5449
361
3804
2067
1639
4163
5611
2388
1731
4532
5921
5591
4921
1548
4197
4304
3451
5956
4004
5845
5013
25
3897
4518
5777
3988
5863
905
5649
5803
4611
5827
96
3345
4649
3429
4291
3603
5442
5368
5363
5625
5472
4251
4402
4400
4659
4569
2318
1508
51
5712
5691
5801
5825
2934
5914
5877
3699
469
3820
5294
5228
2625
5316
5726
5667
3722
5884
5559
1352
245
291
251
202
1948
3750
5118
2565
3285
41
1052
5990
3129
4648
5075
3260
5775
4957
5978
5486
3018
3880
5041
3047
3512
4075
3539
4107
1334
3452
5612
3878
5999
2231
7
5428
5432
5476
3649
104
4320
2942
1316
5457
3919
710
5046
5132
2642
3744
3792
4747
4744
4743
4751
4748
4707
4635
4828
5590
5619
5837
5659
5618
4511
5529
5565
5848
2132
2398
3957
4604
4417
4490
2125
5569
2296
2784
1819
5348
3465
5635
5746
4382
1612
4189
4570
5548
5465
3427
5982
5555
3640
5571
223
1850
280
4515
5902
5508
1512
5525
5157
1735
5969
5928
1396
2306
3719
1272
4266
2635
5224
3422
5339
2281
2427
3029
19
667
72
2328
2214
2901
2028
3366
2188
4280
1383
1566
2386
1846
1878
2591
1677
1802
2897
2110
2141
4902
5647
5658
3581
1899
5014
4
5498
4852
2252
1832
5443
5581
5403
3746
3630
5028
4267
4598
2600
4553
4833
5259
1656
2230
4618
4315
4335
1670
5532
2017
2288
2083
304
4519
5551
5799
4098
3723
4279
363
4253
113
3971
1764
5413
5930
481
3903
135
5965
3444
5574
5522
2870
2767
5541
5723
3040
57
2165
5718
3214
3219
2763
2127
3642
4645
4203
2498
4254
4788
5086
5096
4996
4562
5146
5251
5446
2755
2404
4871
4870
4857
1
5925
62
29
383
1102
891
775
1720
1281
545
1693
2822
5830
5606
5833
2993
2981
2929
2315
2940
3002
2725
1565
2303
5397
5257
3923
4453
4167
3735
4928
1674
1386
5480
4406
1363
6
1752
4224
3921
309
1771
1044
937
171
3023
4559
5485
2194
1947
4369
1697
5947
5811
6003
3707
4205
3
5949
5996
5943
5458
5900
5807
3982
3844
3983
1939
2658
284
1092
1013
925
1053
492
2775
3599
3533
4875
625
4521
415
2313
5261
4767
2042
4232
3097
5093
1615
2322
5079
5689
4829
4937
4709
4867
1412
3099
5297
5263
2187
2908
2529
2538
3734
3103
2333
1746
5710
1028
1322
1788
3656
5506
3470
5806
5602
5836
5623
5661
5482
5915
5839
5507
4385
1185
4352
3726
3708
3445
4308
4793
4789
4269
2167
4787
5055
4884
5025
5141
4593
4840
5244
5242
5246
4398
3513
4399
4330
3527
4316
3506
3509
3510
3511
3086
4700
1502
2304
3815
2835
4365
5654
192
5676
896
2046
908
1981
1675
3803
4084
4487
4424
3629
4508
3800
3006
3854
4236
3904
5231
3107
3229
5012
3270
3239
3197
3246
3273
1403
4249
4703
4546
929
1162
1555
732
3545
4615
4115
3404
2175
2178
3119
2610
3236
3233
2325
2405
2397
5664
5582
5575
4811
2424
2243
353
4887
4888
4605
4642
4624
4554
5268
5255
5296
5309
5310
3725
5283
3915
4031
4370
3916
5759
5850
5761
4641
2880
3926
2392
3796
4841
1389
1094
1400
2072
2316
1098
4331
4731
4730
4687
4692
3781
5961
5524
1953
5655
5809
5808
5784
590
224
198
959
832
270
3757
3795
4458
4669
4746
4452
1991
4088
2262
4334
4361
4038
4752
4599
4284
486
4736
491
2233
5189
3313
3328
3208
3500
3655
3824
5105
256
5614
5610
5609
5504
2819
3149
2494
2502
523
1914
1903
1891
1889
1860
2142
2255
3379
3195
3267
1528
5393
4758
5288
4350
1475
2299
2772
2113
4317
3147
2154
2611
274
3309
230
768
1196
1197
1133
1134
272
705
2399
5188
1584
3578
4695
4643
4353
4980
4982
4981
2464
2465
4461
3104
4606
4592
5139
1919
3000
3194
540
1327
3031
2733
3293
700
3840
2486
2503
1725
3087
3341
3361
3372
3371
3317
3127
2593
2948
2960
2710
4965
4977
4967
4968
4966
3298
3254
2049
2728
2605
2606
2713
2524
856
3174
1743
3360
3220
2013
446
3540
3627
3369
2244
4390
4368
4329
4123
3602
3191
1997
2198
1967
5790
5782
5772
3641
4955
4097
4179
3986
5648
5681
5774
1471
5064
4890
4360
892
5805
5353
5155
5384
2378
2730
5269
5360
5359
5390
5278
2647
3901
2731
4897
4296
2495
3974
4753
5438
4974
4322
5214
5011
4906
4779
1894
2485
5003
4995
5004
4931
4523
4522
4705
2966
2693
3408
3812
3777
3423
3277
4288
4301
4507
4938
4936
4935
4934
4933
4855
4466
4798
3869
3879
3872
3776
3826
4195
4411
4962
4812
5441
4932
4506
4285
4908
4764
3935
4529
2952
4076
3561
4087
3827
4467
4504
4477
4476
4475
4474
4473
4472
4174
4105
4175
146
1295
4064
1271
3296
3316
3329
3669
3223
1998
5543
5550
5531
4898
4919
4566
4732
4582
4625
4209
5622
4281
4637
4654
4733
4683
1815
4701
4688
4739
4676
4745
4678
4686
4684
4682
4681
4679
4680
4677
4675
4673
4427
2839
3221
3146
2840
4698
3697
4560
4697
17
3760
1318
5553
5564
5556
5738
1201
4297
2552
3976
4421
3531
4119
4925
5912
5800
4213
5615
5603
5491
5358
5352
5298
2892
4866
2716
2861
1366
535
2455
184
2034
2582
861
149
167
39
1217
4190
4152
3589
2906
2926
2780
2987
4110
3715
4032
4114
5088
5087
3980
4008
3892
640
4489
4381
1916
4838
5286
4771
4893
3168
4030
4583
2977
5033
3995
3389
4392
3813
4245
3724
4036
4005
4007
3917
3984
3798
4003
3211
4080
3160
64
3571
4022
3730
4018
3748
455
2
5929
3397
493
3667
3648
417
1005
1194
1105
777
1239
144
1073
733
1057
923
1285
882
547
5030
480
1063
978
1332
468
921
592
2761
1885
5050
93
5260
1499
4551
5044
4434
1971
4363
2754
4379
4696
3161
4987
5021
4244
4235
4231
4211
3319
2266
1628
1562
1905
4131
4851
4847
4832
4849
4795
2044
2317
1873
2312
2118
3377
3300
1550
4549
2770
2429
2430
3281
2520
2372
2353
2352
4111
4000
2320
498
1844
2134
1876
2297
2080
2982
2490
2475
1529
1543
2173
2932
2711
2970
2996
2714
246
507
216
295
1091
985
920
1054
2836
725
1358
1359
1368
1467
228
2368
325
177
1922
3063
2961
687
822
3875
3874
3801
178
3784
1453
2500
1797
1744
2400
2213
1624
1806
2848
5057
2446
2076
1896
2087
2095
1585
3005
4790
2998
1331
2923
2550
2548
2561
2484
3367
3349
3410
3013
5029
5049
1394
664
1154
1043
538
1026
962
416
770
824
1015
623
550
2102
2030
1803
1317
1289
3593
4429
4426
4086
4157
522
1700
1708
757
1186
1187
1188
954
800
799
476
805
634
917
1268
786
1207
1379
780
1325
1345
1406
823
2284
4164
3353
4904
4650
4525
204
2562
2499
1510
1476
1286
1292
1312
1426
1371
419
762
707
1031
614
598
716
673
570
2788
641
1461
573
1559
571
1213
1324
715
993
1236
1306
1169
1159
3600
1160
1146
816
657
761
646
683
669
564
740
604
563
645
3622
3226
2093
1222
2311
2176
3268
3442
141
2778
2815
2809
2793
484
593
991
1120
533
2119
2089
2085
3830
2226
2223
2182
1204
2349
2204
2135
1861
2344
4192
160
452
1297
1270
1269
1037
1257
801
1131
21
235
934
607
406
1190
1301
257
321
345
441
539
3025
2360
1911
1902
1554
1820
1753
1782
1811
1937
1956
1890
2229
2263
2241
1121
346
1417
1409
656
940
95
1441
931
374
1090
1349
1355
1354
894
1444
36
3450
2661
4026
4178
4042
4041
4039
3999
3922
4027
3189
3620
3765
3165
3136
332
3171
3374
3449
3481
1751
1824
1754
1912
2362
2389
2411
2426
2128
26
804
3479
1145
1143
1139
1142
1141
1140
1144
635
2558
2460
2444
2443
1477
1495
249
241
340
1690
2069
2064
2147
3551
1864
2047
2040
1620
3385
3653
3993
1198
1480
1290
1636
1689
4339
1769
1733
1845
1913
4405
1676
1688
579
1348
1715
2166
2148
2171
2157
2156
2120
2054
1478
1353
1538
1360
1611
2070
4090
988
5287
1245
4095
2129
1949
1933
2903
3898
1001
3597
928
1003
1002
273
1177
763
1011
628
1252
1466
1393
1302
1238
319
1176
1320
1329
730
690
671
670
1315
1986
1840
3478
3326
3113
3346
3347
3391
3299
3331
2536
3196
2581
3215
2521
2578
1993
1685
2000
1839
1714
2115
2114
2012
1267
1419
209
2501
2540
2549
2567
2568
2632
2631
2571
2566
2574
2700
2721
2720
2703
2704
2705
2701
2702
2752
2695
2694
2698
2697
2573
2572
2569
2570
2666
2657
2678
2674
2672
2699
2628
2629
2676
2744
2745
2749
2746
2747
2737
2738
2741
2689
2677
2675
2633
2671
2670
2673
2669
1849
2712
2735
2736
2717
2718
4619
2634
2371
2379
1338
1375
1519
112
3026
2138
1487
1855
1847
1842
1556
292
1736
1739
283
606
3767
4495
4217
3504
5163
3666
3721
3758
3731
3732
3524
1437
3834
2416
2681
1792
1669
1737
1703
3797
3520
5452
4277
4252
4459
4198
4181
3549
3574
3583
4108
3547
4230
4229
3764
4125
4206
3120
4169
1879
4184
4462
4250
4237
4496
4035
4043
4016
3832
3738
3441
3873
767
933
227
396
630
2877
1773
1817
2091
2103
1921
2310
2071
2217
2216
2139
2161
2100
1990
1451
1469
1455
2006
2059
2058
2057
2052
1521
2018
2375
1944
1629
4596
4354
4393
3490
4011
3611
4045
169
132
852
489
186
1376
3743
1443
781
1127
827
898
826
748
100
111
499
496
1110
1211
462
461
576
652
261
655
951
60
285
360
254
553
296
312
3624
3698
2688
2795
242
2811
2891
2898
3476
2878
3357
4055
3847
3884
3845
2269
1786
2090
2339
2174
2206
2137
2663
2758
2309
1576
1657
537
913
1687
1308
1283
1263
350
239
2097
1942
15
297
229
70
97
1164
893
68
37
680
735
846
862
798
743
742
1007
973
981
982
950
678
1062
1410
1427
1179
1071
616
2121
342
214
1064
853
394
560
839
755
866
879
996
989
885
443
1148
889
760
1084
1100
904
875
864
871
995
1153
946
1234
578
943
835
495
610
977
532
152
166
530
262
562
488
508
331
520
1161
907
975
953
1099
922
972
436
3737
2289
5408
5423
5420
5415
5416
5414
3966
5411
5911
5366
2662
2655
2419
2910
2874
2915
2420
2532
2251
318
163
408
405
1151
1150
906
238
714
688
45
435
315
313
176
220
219
558
88
1501
101
454
453
1931
134
1572
1600
390
863
243
849
566
565
644
787
788
784
782
418
930
888
691
831
548
703
608
910
585
4202
3975
647
1647
828
779
984
650
686
23
1220
1219
263
1218
941
926
527
231
1123
28
2618
69
99
81
107
108
20
32
654
900
4984
4979
738
681
266
77
412
766
472
399
701
833
534
897
501
536
384
596
651
1189
317
718
386
494
569
377
387
1346
1166
1260
1261
728
727
423
421
433
404
308
288
159
2724
663
665
276
222
1296
629
372
525
475
874
466
459
756
378
802
901
886
676
203
994
439
1489
393
479
322
1854
310
282
306
305
206
180
2406
445
307
221
269
240
234
233
201
194
379
329
477
347
142
320
410
143
774
1068
1163
351
380
153
183
181
173
80
1411
1377
1390
1388
1387
1328
1378
939
165
286
330
2056
403
110
155
76
170
385
622
611
602
601
600
581
583
567
580
401
402
961
236
348
672
653
577
708
963
3660
3996
3769
3783
3810
3747
1313
1307
542
471
392
298
617
613
531
299
125
924
61
109
1184
1050
131
115
5944
5593
5542
1202
1216
78
5534
5065
5528
5705
5440
5644
5643
3572
5450
5818
5005
4860
5594
5754
5749
5747
5706
5688
5318
5516
5634
5577
500
4824
1191
4823
5613
5624
5317
5539
5785
5683
5527
5496
3609
5674
674
668
820
764
724
561
1231
642
815
812
776
837
689
955
845
741
706
1254
914
854
648
684
692
391
389
103
514
259
258
375
460
449
1035
359
524
504
54
129
53
1103
971
791
589
470
465
2084
427
682
658
643
595
517
503
463
425
478
490
467
164
1343
660
1545
448
516
987
903
1704
902
1122
1112
1178
986
1036
207
556
555
850
549
572
150
200
268
300
529
179
147
75
518
158
156
154
834
966
944
1132
1008
1096
1180
1097
1059
1056
1171
1055
1021
1045
1020
1022
557
1076
1075
936
819
4109
575
456
734
739
430
1010
967
1074
1042
1119
1065
1209
870
958
1168
1206
1129
1107
1227
3036
2762
1170
794
1104
502
649
526
1116
1113
847
769
1276
1274
432
395
4668
4729
4735
4667
4672
3857
4666
4661
2493
2480
1809
1813
1464
1439
1438
633
745
754
717
983
810
877
876
869
693
811
301
437
44
1517
1181
1157
890
795
830
1253
842
818
736
407
2282
2868
3034
2402
2866
2893
2879
409
148
388
182
279
265
1277
1291
191
1293
264
255
252
244
114
4437
250
208
218
217
213
212
205
199
3632
185
193
172
56
87
675
621
1436
1304
474
483
162
157
139
998
138
127
119
3062
3045
3231
4632
3089
3078
3846
3991
3989
4145
3529
4302
3740
3546
3453
1719
2158
2185
1712
1843
2043
2403
1774
2222
1893
2859
2953
2945
2904
2885
2169
2122
1673
1859
3779
2768
2757
2766
2765
2192
1957
2026
1936
1778
2035
1791
1696
1664
1661
2871
2823
2875
2782
2614
5453
2805
3046
2922
2919
2409
2838
3489
2812
2865
2829
2790
2921
997
838
942
1275
1539
1728
1520
1541
1662
1701
2038
174
1702
851
521
793
3802
3380
626
1025
698
3463
3628
2487
428
1542
1756
1596
1518
1525
1048
1009
1126
1070
843
1397
1804
1684
1995
1978
1994
1977
1964
1972
1973
1653
2011
1966
1917
1872
1482
867
605
582
4503
3861
3123
2902
3401
3351
3322
2343
2286
1713
2020
2163
2136
2107
2106
2131
3272
5123
4565
4567
1961
1738
2305
4002
5271
2377
5045
2224
5356
2476
1067
627
679
3142
3106
3301
2599
722
1827
723
685
677
1579
1590
1604
1473
1780
1524
1531
1568
1740
1718
1716
1546
1707
1663
1607
1618
1608
1598
1569
1463
1458
1472
1115
1034
1667
1665
1631
1262
1230
1241
1242
1229
3250
3851
3852
3849
3807
366
3768
3749
3674
3475
3654
2732
2249
2414
2200
2256
1829
4601
4602
1686
2608
1856
1875
1853
817
1111
808
772
371
367
349
323
1468
1384
1385
1372
1279
659
636
2130
1985
1863
1593
1979
1779
1787
1790
2342
2370
3066
2798
1776
3541
3352
3383
1835
1831
1821
1761
1745
1748
1442
1228
46
1038
980
1465
1898
1723
1341
398
458
2235
2964
2234
344
333
277
343
426
335
365
1250
278
737
413
364
362
381
519
337
422
328
420
373
376
369
431
105
339
341
414
400
397
260
336
338
334
275
314
618
506
2287
8
10
1077
969
947
1282
1278
751
744
451
3021
1886
2516
2545
2544
2543
2542
2541
2539
2522
2505
2517
2514
2449
2421
2086
2104
2088
587
637
588
424
1058
790
324
789
603
497
597
719
2777
4367
3928
4034
1750
2201
3056
2496
4791
4802
4638
4603
1244
1557
5722
2589
2575
2123
5427
2630
2341
2491
2208
2401
2164
2381
2365
2293
2390
2022
2023
2211
2219
591
2205
2199
2209
574
1158
609
599
806
1365
1362
1357
1356
1350
293
4526
4930
3043
4463
4201
4161
2259
1934
2078
1500
1380
814
1370
1391
1226
1243
1337
1175
357
952
1174
957
1147
1287
1149
803
316
949
797
726
1078
1089
1088
1087
1086
1085
1083
1082
1081
1080
1079
880
1258
3183
2300
918
796
2181
2196
2032
1785
1757
2292
2425
2295
1722
1762
1526
2245
1644
1658
1621
1616
3417
3436
3337
1599
1494
1431
2016
2024
2111
1023
965
968
829
927
915
912
771
1135
1130
1118
872
1014
2004
3716
2002
1347
1066
5032
5027
4528
5031
2594
2257
1888
1892
1929
1925
1883
1765
1799
1609
1637
1642
1610
1603
1589
2096
1955
1867
2008
2918
2928
2881
2883
2882
2769
2856
2849
1834
1918
1945
1943
1940
1935
1920
1901
1755
4215
1871
1793
1830
1825
1808
1807
1801
1775
1763
1721
1789
1772
1770
1758
1182
1040
1051
1049
515
2860
3855
865
855
821
750
746
2355
2391
161
594
1408
1381
1138
990
974
860
666
2607
2682
2683
2685
2680
2684
2636
2813
2814
2660
2640
2639
2507
2456
2394
2373
2276
2144
2279
2270
2261
2195
2155
2143
2140
2010
1582
1574
1544
2472
5007
2654
2723
2260
1532
1413
1513
1514
2515
2474
2240
2082
2338
1927
1881
1880
3217
4773
1730
1490
3607
1650
1729
935
1240
1580
1570
1577
1641
5063
3258
3711
3821
3899
3727
3619
3569
3552
3570
3566
3565
3567
3564
3563
3562
3354
3555
3556
3557
3558
3553
3498
3554
3376
3432
3431
3237
4313
4295
3333
3378
3373
3287
3259
3193
3314
3224
2363
3210
3116
3109
3108
2291
2887
3027
2911
3059
3003
2956
2863
2787
2410
2471
2439
2504
2350
2473
2374
2285
3318
4212
5052
5435
5367
5421
5312
5371
5370
5280
5383
5460
5466
5364
5345
5448
4259
4024
4091
2644
4044
3396
3403
3689
3420
3388
4610
4578
4530
4594
3621
4543
4550
4547
4527
3105
2958
4548
2265
2001
1506
2434
1887
586
1399
1310
1430
1429
1423
1415
1416
1402
1401
1418
1351
639
979
960
1004
916
1870
1392
1342
1256
1125
884
1232
938
1109
778
720
697
661
662
1266
899
1643
1422
709
4017
3990
4015
3645
758
3626
3623
189
721
551
541
487
94
3745
3405
3528
5302
5290
5285
2988
1915
4397
4844
4384
4409
4423
4394
4388
3001
2590
2648
4113
4139
4001
3887
3925
3972
4058
2079
3185
1800
2943
2962
2799
2817
3009
2489
2470
4882
2691
2709
2708
2707
2706
2623
2621
2622
2335
2237
2210
1974
1980
1492
1622
1549
1462
1486
1481
1300
1420
5078
1344
1336
1264
1259
1237
1225
211
2978
1783
1660
1165
1280
753
840
447
1822
1818
1816
1367
2955
2900
5138
5038
4414
2396
5175
5631
5669
5668
5665
5666
5663
5596
5657
5656
5554
4419
4846
4513
3526
4443
2626
4278
4255
4033
2726
2803
4356
4238
5184
1747
4348
4327
4144
2722
2436
2180
1200
1212
1210
5704
5424
4492
3759
3794
4531
4656
4622
3793
3791
3790
3789
3788
3787
3756
3786
3473
1877
3856
4704
4655
4539
4482
4924
4915
4480
3704
4060
4081
4283
4287
4135
4182
3864
5748
3592
3679
3713
3238
4094
4006
3973
3780
3755
3752
3661
3705
3670
3695
2801
3548
3534
3686
3685
3304
3257
3295
3203
3817
4471
4470
4469
4468
3522
3521
4465
4464
4128
4122
4156
1976
1727
4120
4130
4129
3863
4541
4540
3363
4653
4556
4557
3294
3248
2916
3037
3163
3154
2852
2851
2858
2646
2800
2641
2546
2535
2564
2556
2511
1900
5002
4976
4892
4959
4956
4958
4808
4792
4954
4953
4952
2889
4951
4950
4949
4948
4947
4920
4151
2781
4810
4809
4514
4188
4141
3394
3736
3418
3207
3320
2867
3323
3290
3084
3166
3125
2332
2828
2792
2783
2774
2612
2734
5252
5133
4133
4020
3889
3694
3544
3537
3190
3044
3206
3082
3153
3956
3093
1651
2624
4862
4883
4839
4389
4903
5066
5072
5071
5070
5069
5067
5068
5059
5060
3893
5510
5828
3501
3517
3876
2015
2268
2081
1214
544
3157
858
857
2665
2753
2750
2739
2415
2435
752
2108
1591
1759
1695
1724
1710
1303
4085
3910
5054
2686
2771
4983
4990
4986
4991
5479
5484
5483
4580
3008
3615
4538
3252
4233
3488
4234
4481
4124
3024
3580
3625
3604
1906
1908
2364
638
327
2346
2326
3358
2254
2146
2145
2359
2051
1999
1938
1951
1965
1941
1963
1837
1946
1924
702
631
287
3888
3209
3459
3359
3519
2354
543
512
513
509
510
411
4616
4613
3981
4595
2431
3573
3577
3806
3896
2412
2407
1988
4761
4756
4777
4775
4750
4740
4738
4737
4509
1183
1199
813
783
1006
1060
1047
1033
1032
1027
1024
956
873
868
848
841
559
699
457
5768
5720
5860
5779
5530
5454
5404
4770
4323
4314
3096
4099
2913
2954
3865
3074
2907
3652
3579
3100
3409
3400
3091
3072
3042
3016
2933
3204
3077
2949
3192
3184
2847
3079
3094
2963
3088
3085
3033
3011
3083
3075
2895
3069
3070
3035
3038
3010
2997
2991
2975
2959
2914
2854
2931
2930
2912
2905
2862
2857
3098
2827
2832
2853
2824
2818
2873
2808
2869
2423
2357
1989
1984
4155
4154
3850
4450
4512
3853
3782
4243
1299
1319
1298
1173
4225
4337
4228
4422
4420
4380
4404
4374
3020
4048
4136
3321
4273
4276
4274
4571
4581
4268
4103
4214
4137
3646
4149
4050
5074
4918
5145
5124
5117
4734
5073
3772
5130
4992
3413
5686
4693
4830
4609
4614
4861
4863
4644
3823
4621
4586
4597
4366
1605
1046
1395
2275
2277
2272
4577
2742
2477
3303
3234
4628
4318
4010
895
809
749
747
3808
2246
2239
1595
1626
225
1069
1606
1575
1449
1404
1373
1333
1330
1323
1265
1249
1255
1248
1224
1221
1215
1208
1205
1195
1192
1193
1311
1309
2437
3680
3456
2944
3255
3344
3232
3271
3269
3264
3263
3172
3244
3241
3595
3542
5218
3681
4186
3866
4227
4321
3905
3015
4185
2884
2376
2408
2189
2337
1106
1019
992
1017
1016
932
919
909
911
1326
5212
5101
5128
5355
5272
3050
3225
3159
4159
3332
5447
5207
4204
4876
4702
4207
4265
4261
4241
3886
5217
5226
5186
5193
5204
5200
5201
5202
5203
4899
5473
5488
5501
5505
4900
5199
5197
5198
5195
5215
5216
5213
5192
5245
5094
4894
4780
5346
4338
4842
4431
3487
4907
4926
4425
4416
4378
4257
4407
4479
3543
4311
4310
3477
2160
2150
2126
1932
1868
1828
5675
1726
5557
5100
4922
5626
5048
4300
5896
5515
5526
5601
5762
5763
5788
5764
5760
2580
5249
5521
5549
5250
4061
3335
4691
3437
1095
1680
1167
1152
3428
2585
2604
2601
2603
2602
2592
2598
2597
1823
2531
5097
3877
3588
3148
3151
3111
2909
3278
5115
3283
4814
4818
4939
3155
3398
3340
3060
3065
3058
2748
1573
2366
2308
2179
2152
2027
2007
1907
1814
1798
1826
1671
1768
1760
1711
1630
1705
1692
1655
1654
5009
2383
2384
4516
4689
2347
3279
2445
4901
4837
4869
4859
3102
3068
3067
2830
3052
2935
2888
2939
1114
1117
1108
1101
1321
1039
1093
3375
2659
2807
2327
2060
5958
5955
5942
5650
5935
5959
5951
5950
5954
5994
5962
5952
5629
3178
5822
5578
5876
5846
5847
5840
5677
5180
5752
5519
5492
5568
5439
5899
5125
5127
5126
2324
2307
2367
5471
5544
5336
5240
5237
5239
5206
5205
5161
5160
5159
5152
5147
5129
5080
4988
5016
5015
5042
5017
4493
4415
4944
4943
4917
3814
4457
4916
4879
1527
1424
1061
2037
2009
1923
3683
1970
1904
1884
1882
1874
1866
1865
1852
1851
2656
1805
1862
1155
382
2841
2806
1833
5
4275
2992
2619
4413
3859
2497
2454
1682
1496
1421
1369
1634
1623
1553
1536
1516
1522
1511
1507
1488
1457
1456
1479
1766
1672
4256
4220
4219
4210
4199
4078
4100
4183
4168
4134
3927
4121
4118
4116
4062
4059
4056
4054
2048
4025
4053
4052
4051
4047
3816
2796
3885
4019
3761
3881
3868
3867
3842
3841
3775
1794
2212
2690
3659
120
1247
1251
1284
1583
1645
2843
2821
3055
3054
1633
2999
2936
2810
5745
5741
3262
2101
2094
2065
2062
2021
2014
1987
1960
1668
1617
1717
1635
1592
1602
1504
2202
3870
1503
1454
1203
1425
1407
1288
1235
1156
1124
1030
1029
844
482
248
197
1172
302
52
196
5418
1749
1447
9
773
695
696
883
511
505
464
694
552
438
47
442
356
370
311
271
247
145
74
71
31
34
5000
4573
3242
4345
3978
2833
2463
2461
3703
3733
3342
2740
5444
5434
5419
1648
5398
4685
4674
4646
4664
4663
4662
4660
4486
4240
4226
4089
4012
4222
3198
2976
4187
3709
3701
3700
3538
2969
3308
5708
2452
2053
3977
2073
5971
5960
2971
5632
5583
5580
5372
5236
5570
3994
3636
1968
1969
355
303
187
4763
3902
4544
5707
5478
5646
5495
5464
5633
3454
4101
4196
1340
4985
4639
4524
1364
450
2417
2369
2330
2274
2301
2098
615
485
5523
5533
2356
1679
5701
5292
5282
5221
4975
4460
4403
2351
3560
2760
5103
5056
4708
4794
4776
4774
5267
4258
4568
4759
4699
4579
4574
4652
4585
4449
3474
3302
3499
4856
4807
4505
3433
3858
5422
5437
4963
4762
4757
4478
3276
1958
3019
5939
1992
2133
713
1246
352
66
3381
3466
3384
2525
3297
3139
3073
2513
2894
2696
2537
2518
2512
2442
1586
2345
2323
2321
2232
5608
5338
4971
3182
3188
4191
3909
3831
2837
3900
3657
3516
3559
3518
3505
3497
3493
3491
2973
3173
3144
3140
3076
2946
3158
2380
2280
2271
2228
2227
1857
2387
2385
1962
2258
2510
2523
1698
1683
1666
1777
1659
1646
1515
1625
1619
1614
1597
1588
1587
1485
1767
1571
1448
4153
4150
3585
3448
3586
3590
3591
3471
3472
3467
2652
3658
3610
3601
3464
3494
3462
3575
3399
3392
3311
3440
3435
3416
3412
3390
3348
3343
3265
3336
3292
3289
3275
4658
3032
2751
2980
2925
2917
2896
3092
2876
2050
4290
2033
2679
2846
2831
2609
2804
2825
2802
2776
2727
2719
1954
2649
2438
2329
2588
2584
2576
2534
2519
2492
2479
2466
2462
2441
2242
2358
2348
2278
2267
2253
2250
2238
2221
2220
2149
2153
2112
2105
2066
5264
5258
5023
4927
4929
4896
4325
4359
3871
3460
3310
3261
3243
3169
2890
3030
3017
2826
2789
2756
2159
2664
2645
2637
4372
4364
4289
1273
5918
5835
5299
4831
4270
4651
4647
4545
4535
4534
4501
4502
4412
4410
2319
3770
5053
3492
3482
3235
2974
2995
2451
2478
2193
1706
1681
1530
1470
1446
5970
5814
5780
4724
5616
5821
3766
5770
5721
5253
4362
5308
5307
5254
1493
1491
281
2290
5823
5713
5545
5552
5540
5513
4563
4564
5743
5744
5719
5729
5732
5731
5730
5687
4706
4517
3430
2816
5576
5275
5099
4800
3421
4456
4432
4433
4383
4375
4387
3825
3929
3729
3706
3682
3676
3643
3496
3253
3145
3114
2563
2941
2937
2794
2729
2488
2469
2433
2393
5786
4723
5709
5467
5382
5381
5436
5431
5430
5305
5407
5406
5405
5402
5401
5400
5395
5394
5392
5391
5389
5387
5386
5388
5385
5380
5379
5378
5377
5376
5375
5374
5373
5369
5361
5357
5354
5350
5349
5344
5343
5342
5341
5340
5337
5335
5334
5333
5332
5331
5330
5329
5328
5327
5326
5325
5324
5323
5320
5319
5314
5313
5303
5301
5295
5291
5289
5281
5277
5276
5273
5270
5262
5243
5235
5238
5233
5232
5230
5225
5223
5222
5210
5209
5196
5191
5190
5185
5182
5181
5177
5176
5107
5114
5116
5169
5174
5173
5172
5164
5171
5170
5168
5167
5166
5154
5153
5150
5149
5148
5083
5113
5112
5111
5110
5109
5108
5106
5082
5081
5077
4998
4914
4913
4912
4911
4910
4909
4815
4816
4741
4742
4587
4766
4607
4247
4176
4140
3771
3637
3568
3596
3469
3438
3365
3327
2984
2844
2779
2667
2553
2459
2422
2203
2447
5715
5680
5547
3425
5144
5194
4872
5119
4886
5034
4803
4755
4555
4670
4665
5061
5047
4801
4576
3688
4447
4430
4442
4439
4336
4401
4391
4309
4165
4142
3101
3650
4029
4028
3862
4013
3998
3924
3894
3913
3891
3883
3860
3848
3822
3778
3618
3702
3696
3687
3684
3677
3664
3675
3668
3662
3535
3647
3582
3368
3613
3612
3608
3605
3126
3415
3523
3515
3514
3503
3395
3247
3458
3455
3443
3137
3419
3387
3370
3382
3312
3306
3291
3222
3202
3187
3181
3175
3121
3150
3141
3138
3112
3110
188
2334
3080
3048
2994
2968
2872
2643
4945
4386
5789
5776
5733
5856
1535
4627
4633
4631
4626
4584
4483
4376
4351
2950
3012
4754
5844
1551
712
190
5536
4836
4636
4760
4444
4344
4305
4160
4082
3799
3720
5489
5490
5481
5477
5429
4946
2533
1982
1858
1428
964
1335
1223
945
881
1041
948
1435
1374
792
878
358
620
619
584
440
444
473
429
368
354
326
294
175
232
210
195
137
133
116
122
89
55
5920
5916
5802
5670
5143
5121
5573
5142
5514
5791
5767
5725
5724
5714
5699
5694
5642
5685
5636
5640
5641
5638
5396
5234
5051
4874
4923
4843
4451
4440
4395
4396
2920
1838
4630
4749
4690
4572
4441
4306
4171
4106
4162
5151
5165
5122
5085
5010
4997
4994
4993
5084
5058
5026
4999
4319
4299
4112
4023
3651
3914
4143
3751
3712
3639
3525
3495
3468
3286
3280
3249
3218
3180
3115
3081
4769
3930
4728
4727
4726
4725
3933
3934
3937
3939
4068
3941
4722
4786
4721
4073
4785
4720
3946
4784
3947
4783
3948
3949
4355
4719
4718
4782
4717
4340
4781
4067
3954
4778
4716
4341
3960
4714
4715
4713
3961
4712
4711
3962
3133
3963
3964
3965
4710
4358
3969
4357
4074
4104
3130
4072
4071
3131
3952
4070
4069
3943
3942
3936
3970
3968
3967
3959
3135
3958
3955
3953
3951
3950
3945
3944
3940
3938
3256
3932
3931
3134
3132
5179
5974
3274
2041
859
168
140
86
83
3122
3411
2068
4096
2162
2197
2184
2151
2092
807
825
785
759
704
289
237
5859
5862
5817
5520
5819
5769
5698
5617
5511
5487
4969
5104
4768
3439
5883
5757
5736
5695
5662
5645
5499
5561
5558
4940
2845
2864
2850
5098
4377
4342
4264
3843
731
711
4537
4620
4328
4293
3985
5875
5874
4853
5873
5872
5871
4326
5546
5461
5022
4138
3061
3167
3022
5852
5910
5909
5906
5908
5907
5851
5820
5804
5693
5936
5948
5866
1509
2382
2331
4657
4552
4520
4588
4617
4589
4497
4494
4485
5598
5597
4880
5518
5517
5311
5988
5605
5904
5831
5849
5682
5595
5469
4850
5076
5162
4941
4484
4600
5923
5869
5470
5293
5365
5861
106
5410
5178
5120
4834
4825
4806
5798
5679
5321
5037
5039
4591
4286
4126
4158
2283
2225
2117
2036
2031
1741
1841
1578
5711
5829
5783
5778
5700
5639
5462
5463
5459
5306
5445
5425
5433
5426
5409
5362
5347
4092
5322
5300
4239
4200
4148
5560
4418
5036
5089
4037
5985
5813
5810
5797
5753
4558
3882
3678
5604
2336
5497
5494
5156
4961
4813
4805
4804
4797
4796
4629
4533
4438
3143
4333
4312
4307
4271
4262
1564
5824
5672
5986
5977
5976
5975
5937
5901
5898
5881
5888
5887
5886
5882
5880
5183
5607
5315
4964
2620
5946
5905
5889
5795
5750
5006
4891
4346
4298
3829
5826
3728
3644
3315
3485
3288
3162
3071
4905
4455
4180
4324
5684
5512
3785
3502
2886
2617
2559
2453
2298
2168
2116
5766
5765
4292
2743
5967
5987
5187
5040
5008
4428
2627
2587
2586
2099
1895
1632
970
5966
5957
5945
5941
5940
5922
5854
5853
5796
5773
5740
5660
5241
5678
4881
5917
5781
5858
5857
5563
5417
5456
5062
5001
2003
3355
4868
4835
4858
4634
4242
4208
3895
2019
3584
3307
3230
3227
3216
2759
3090
2692
3049
1975
2965
2924
2668
2651
2638
2508
2273
2468
2440
2395
2236
2077
2061
2055
1952
1950
1930
1848
5989
4065
4448
4083
4057
4046
3987
3997
2458
5998
5997
5992
5995
5981
5980
5979
5964
5953
5934
5933
5932
5931
5927
5926
5924
5919
5903
5890
5897
5894
5892
5891
5885
5878
5868
5867
5855
5843
5832
5816
5815
2483
5793
5792
5702
5756
5755
5703
5653
5652
5600
5592
5579
5567
5566
5538
5537
5503
5502
5475
5589
5588
5587
5586
5585
5474
5468
5412
5351
5274
5265
5256
5248
5247
5229
5220
5211
5140
5137
5136
5135
5134
5131
5095
5091
5090
5043
5020
5024
5019
5018
4973
4972
4889
4895
4822
4878
4877
4865
4864
4854
4826
4821
4820
4799
4772
2413
4671
4640
4612
4542
4498
4446
4436
4435
4373
4349
4343
4294
4221
4216
4127
4117
3920
4102
4093
4079
4066
4063
4049
3979
3908
3907
3906
3890
3839
3836
3835
3819
3818
3811
3805
3774
3773
3754
3742
3741
3739
3753
3718
3663
3717
3693
3692
3691
3690
3635
3634
3633
3631
3617
3616
3614
3606
3594
3587
3536
3532
3508
3507
3486
3480
3457
3447
3446
3170
3426
3424
2899
3407
3393
3364
3362
3334
3325
3324
3305
3284
3266
3228
3213
3212
2526
3200
3199
3201
3179
3177
3176
3156
3128
3124
3118
3117
3095
3064
3053
3051
3041
3028
1897
2183
2990
2989
2986
2985
2983
2972
2947
2927
2834
2785
2448
2428
2820
2797
2791
2786
2773
2715
1781
2687
2653
2616
2613
2530
2596
2595
2579
2577
2551
2547
2528
2527
2509
2506
2482
2481
2450
2432
2340
2314
2302
2264
2248
2247
2215
2191
2190
2177
2172
2170
2109
2074
2039
2029
2025
2005
1983
1959
1928
1926
1869
1836
1812
1795
1796
1784
1734
1732
1709
1699
1694
1691
1678
1649
1640
1627
1613
1601
1594
1581
1561
1560
1558
1552
1547
1540
1534
1533
1523
1505
1498
1497
1484
1483
1474
1460
1459
1452
1450
1445
1440
1434
1432
1433
528
1414
1405
1382
1361
1314
1305
1294
1137
1136
976
836
267
79
65
5984
5973
5972
5913
3483
3484
3434
2615
2557
2555
2207
1910
1909
1537
887
765
612
16
5968
5963
5938
5870
5864
5455
5158
2186
5991
624
5092
434
290
4177
5838
5742
5737
5599
5304
5279
5208
5035
4989
4978
4873
4845
4623
4454
4347
4303
4263
4218
4536
4491
5451
5284
5893
5692
5673
5630
5627
4166
3838
5219
4848
4765
5895
5879
5500
3406
4960
4248
4488
4371
4282
4246
4170
4147
4146
4077
3710
3673
3671
3550
3338
3251
3245
3240
3205
3164
1233
999
