17
1018
2840
3760
3759
3757
3756
3784
3744
1859
3219
1277
4
522
418
7
375
149
254
39
81
1
20
13
28
23
3
2124
905
5569
215
4172
3828
2398
5882
3327
5895
3714
1810
5879
3649
2306
4519
2498
1656
3655
2942
5746
5529
4291
1316
3746
57
5576
4570
5500
2486
2028
62
5408
4850
3406
3713
270
4534
4253
3161
4960
4197
2110
1731
4049
2252
4918
4248
4365
4610
1829
1819
4857
3837
4745
2538
4609
4416
1911
1899
4613
4198
4209
3531
4532
3926
4488
3229
3107
3242
4235
4371
4247
4282
4176
2388
3981
4246
4228
3143
4078
3916
4098
4170
3272
4118
4147
4146
4077
3715
3735
3385
2404
1967
3223
3013
3237
2594
2125
3710
3496
1159
3697
3646
841
3673
3671
3571
3650
3466
2692
2880
3438
2728
3476
2625
2642
3000
729
3568
3006
3550
3520
1548
3381
230
363
171
3309
2763
2600
1620
2178
3436
2098
592
3292
3198
2328
1885
3374
3366
3355
3338
3316
3185
2334
2780
2045
3295
2291
2958
2725
3233
3225
2067
3251
3245
3240
2405
2934
3194
3205
3190
2961
3193
202
3145
308
3598
1565
2969
3164
1502
1394
256
3127
2928
6
3020
2963
1281
104
1912
2364
2812
41
2198
2296
2757
1714
882
1439
1201
1165
1154
984
1019
925
4698
3856
3797
2839
1318
1363
1334
3795
3794
3793
3792
3791
3790
3789
3788
3787
3786
2017
2962
1383
178
3408
3394
3736
2438
493
2173
535
29
1743
1670
3779
1802
1693
2647
1629
2768
1529
1543
3214
3335
4187
3653
4004
3342
3798
3768
1612
3319
3709
3656
3701
3700
2897
3538
2063
3005
3308
3220
448
265
832
1268
1291
135
908
1293
5498
4852
5014
3699
35
2998
2470
492
189
2344
1992
2145
1366
1984
1352
425
1664
1566
1386
935
423
713
1257
1246
537
538
45
319
540
304
352
455
466
2
19
125
282
87
72
66
61
31
26
2188
4086
2214
1700
757
1376
468
1396
1317
361
1162
714
664
726
1258
1207
853
446
113
918
796
670
521
930
489
644
775
742
888
283
634
691
630
5428
5429
5432
4946
2943
2174
3050
2319
640
2231
2533
2397
2378
1555
1487
2205
2097
2046
1788
1982
2044
1204
1858
1686
1702
1665
1596
545
80
1525
280
465
417
1034
1428
235
1413
1053
152
964
1335
1011
1223
1098
593
1166
209
945
906
533
132
330
198
881
1041
931
838
963
129
948
792
753
892
878
548
64
621
358
733
725
153
709
639
620
666
351
193
650
419
579
656
655
643
405
616
484
551
584
88
68
322
547
480
120
203
222
494
386
498
472
383
447
440
378
481
310
424
473
460
449
365
410
293
429
144
155
345
159
393
142
368
134
354
296
326
228
219
108
249
314
266
272
294
285
240
269
243
260
143
175
21
232
179
212
96
207
206
210
110
204
200
156
195
188
33
185
78
184
166
161
56
141
60
137
54
133
116
122
47
100
111
109
89
76
55
53
36
34
5
1615
167
861
1267
217
25
238
173
114
150
553
1217
415
787
842
627
245
223
298
239
69
44
93
107
5925
5689
192
3919
115
4921
5418
703
4559
2175
2303
2266
1953
3527
4458
1508
3719
3417
1815
2761
2484
2034
2471
2410
635
2455
1585
2341
2322
2096
2142
1771
2123
1701
1921
1944
1753
1860
823
1245
1749
1727
1353
350
1557
1541
1447
309
1010
1369
539
10
197
8
1134
779
9
353
396
647
773
672
695
677
569
567
563
534
511
421
505
416
486
431
464
320
442
438
399
384
51
356
324
139
312
311
180
274
271
261
251
234
247
227
225
165
145
138
119
101
74
71
32
15
1128
4608
5984
5973
5972
5917
5913
5718
3988
3040
705
4384
4515
3545
4360
4238
3397
4301
2618
2512
3405
4264
4236
910
3465
3120
4124
3642
3923
3628
732
160
3624
3472
3483
2392
3453
2835
3434
2784
3029
606
791
2310
2607
2194
1916
1886
2615
2589
1757
1675
2566
2552
2557
2555
710
1890
2176
2419
2411
1832
342
1922
2221
1527
1991
2224
2048
2261
2229
1998
1677
1044
2207
1754
2016
546
2158
1593
1412
2108
2071
591
2030
2011
2006
1990
1986
1937
1923
1910
1909
1902
1744
1833
1794
1537
1533
516
1226
1222
199
654
887
699
862
687
765
751
744
741
491
619
612
605
594
518
16
374
231
1220
1219
941
1218
686
527
263
4694
1400
5649
5028
5403
4649
4611
5251
5132
5280
5321
4833
3630
5217
5213
5195
5192
4890
5144
5123
5076
5037
4635
3725
4592
5007
3897
4562
3451
4788
4983
4990
4987
4883
4554
4281
4038
4744
4320
4729
4733
4645
3611
4666
4531
4661
4622
4654
4400
4084
2565
4402
4336
4591
4409
3487
4406
4415
4331
4075
4334
4286
4163
2351
4184
4192
4036
4126
3738
3878
2090
2948
2955
2702
2887
2733
2803
2724
1719
2447
2370
2466
2187
2318
1528
2304
2276
770
2297
2284
2283
937
2269
1478
1947
2225
2212
2167
2141
2147
2140
2135
2120
2117
2036
2031
1584
1997
1956
1348
1741
1951
1933
1403
1357
1907
1713
1889
1888
1880
1873
1861
1853
1841
1837
1793
1820
1803
1756
1738
1591
1647
1600
1578
1535
1520
1477
1499
1384
1401
1192
1332
927
550
5227
5707
5422
2336
4136
5472
5142
3957
5092
4459
1846
2054
1864
1690
441
434
404
288
321
290
221
229
4266
4518
5852
4916
5838
5635
4279
5742
5255
5446
5609
5596
5737
3722
5736
5719
5730
5731
5732
5729
5733
3063
3903
4499
5599
5473
5480
4991
3380
5103
5396
4251
5345
5448
5441
5384
5404
4304
5344
3345
5304
5279
146
3513
3776
5269
5224
5231
777
5115
5226
5212
2590
5208
5206
347
5185
4937
5121
574
4434
2755
4934
4884
5041
4052
4254
5059
4708
3641
5035
4993
3804
3512
4330
3429
3880
2472
2012
3184
4986
4989
4978
4379
3018
4524
3986
4273
4873
4870
3901
4787
4855
4845
4125
3389
4835
4779
2635
4648
4770
3353
4188
4493
4557
4650
4411
4140
4107
4419
4521
4361
4623
4587
4252
4370
4584
4556
2767
4522
2201
4394
1750
3578
4455
4454
4430
4443
4162
4431
4287
3815
4350
4389
4131
4354
3820
4339
4347
3003
3370
3534
3854
4303
3535
3767
4280
4265
4139
4270
4263
4204
4218
1879
3892
4201
4202
2710
4122
3904
4553
5591
5125
5845
5893
4759
5777
5481
5781
5612
4452
5692
5673
5667
5632
5630
5627
5524
5541
4382
4866
4258
4213
4166
2396
3781
3002
929
4022
4137
4092
4057
3864
590
3980
3875
3976
2860
3857
3843
3850
3724
3838
2202
4604
3574
2132
2315
5449
5691
5921
3452
5451
5397
5315
5284
625
4963
5983
5965
5611
5928
1639
5413
2688
5858
2369
5857
5712
5801
3600
5550
5563
4899
1964
5544
5471
5505
5501
5490
5421
5367
5417
5305
4840
5216
5215
5150
5149
5086
5096
2901
5025
5062
5021
5027
5001
2003
4665
4868
4844
4858
4853
4795
4791
4814
4818
4804
4616
4775
4796
4777
4756
3278
4746
4732
2584
4659
4701
4684
4669
4688
4743
4686
4741
3841
4742
4707
4675
4672
4682
4680
4678
4676
2518
4697
4683
4673
4668
4679
4681
4677
4634
4501
2050
4274
4423
3810
1765
2777
2819
4245
4244
4242
4208
3343
4138
3895
3669
2977
3549
2019
3584
2837
1746
3473
2652
3379
3337
3317
3314
3307
3202
3197
3255
2249
3230
2083
3227
3146
3217
3216
395
2494
3206
3182
2658
1764
2759
3076
2821
3044
2402
3090
2876
3049
2925
2929
2950
3023
2987
2992
2333
1975
2965
2944
2937
2380
2924
2903
2881
2409
2877
2866
2726
2778
2751
2732
2691
2770
2741
2747
2536
2588
2718
2701
2704
2705
2703
2699
2574
2697
2698
2694
2666
2632
2672
2631
2548
2628
2669
2670
2671
2657
2668
2651
2639
2605
2638
2629
2568
2585
2621
2623
2622
2597
2617
2610
2602
2601
2603
2576
2598
2592
2415
2573
2567
2570
2572
2571
2569
2549
2540
1954
2325
1896
2516
2508
2273
2337
2119
2468
1946
2440
2424
2395
1838
2292
1850
2002
2236
2115
1463
1817
1546
1512
1657
896
1920
1915
2081
2077
2062
1939
2065
2061
2058
1453
2055
1936
1917
1971
1938
1952
1950
1811
1930
1619
1848
1583
3707
5536
4189
5476
5294
4771
5141
5186
5175
5139
4867
3924
4836
2661
4636
3585
4760
4569
4424
4599
4489
4444
4344
4305
4160
4082
3590
3799
3720
2042
1271
2346
5551
4490
2230
1752
2795
1877
1185
3500
3824
1052
5856
5508
5228
4762
4740
4879
1689
4709
3168
4642
4421
2262
4545
3427
4627
4633
4632
4566
4631
4601
4626
4605
4401
4614
4596
3682
4530
4217
4483
3704
4237
4398
4376
4295
4219
4351
2940
5827
4511
5565
5715
5680
5353
5674
3581
5316
5543
5547
3603
5988
5971
5605
5523
5904
5831
5825
4594
5363
2524
5682
5598
4860
4851
5595
5411
5469
5368
5442
4945
5358
5297
5162
4114
4941
2195
4907
4893
4898
4800
4693
4830
872
2848
2056
2430
4773
4363
4588
3695
4484
3873
3392
5457
5366
4856
4774
4807
4505
3433
3858
2165
4214
2859
2593
2452
2053
697
401
5548
5465
3099
5044
4574
4571
4563
4462
700
2503
1725
3658
3610
3601
3464
3572
3494
3490
3257
3462
3311
3440
3435
3416
3413
3412
3367
3390
3287
3333
3378
3348
3265
3336
3113
3293
3289
3062
3275
1806
3172
3032
3221
3209
2343
3195
1856
3054
2762
2686
2558
520
3045
2993
2829
2980
1840
2923
2917
1648
2838
2644
2896
2879
2884
2033
2861
2679
2809
2846
2831
780
2822
2801
2609
2796
2275
2804
2802
2787
2776
1666
2682
2684
2680
2683
2727
2719
2491
2636
2649
2437
2329
2539
2534
2519
962
2454
2492
2479
2359
2462
2441
2434
2242
2251
2358
2348
2204
2131
2278
2181
2272
2267
2253
1762
2250
2238
2219
2217
2220
2149
2085
1404
1473
2103
2112
2105
2093
2100
1190
2059
2066
325
208
196
75
5423
5420
5414
2289
3966
2143
1183
1368
1115
1301
1043
1174
1119
813
783
782
452
681
610
387
277
4985
4115
4024
3396
3689
3420
3388
2754
5443
3001
5259
5296
5655
5478
5614
5610
216
5497
5494
2233
4925
5156
5013
5052
4969
4961
2312
4875
4886
2496
4703
3750
4813
4805
4797
3621
4647
4629
4558
4439
4603
4233
3268
4543
4533
3696
4449
4487
3526
4328
1272
4438
4418
3441
4375
4333
4312
4307
4271
4262
4231
5608
5338
4971
4210
585
4053
3463
3299
871
3153
3059
3027
3036
5607
4717
4964
2892
3982
2711
2620
2146
2104
2102
1587
1582
1736
5101
1958
3019
2817
2546
1069
2408
5654
5128
5348
1289
5000
4996
4573
2013
3129
4597
4478
4536
4119
4491
2464
4284
4276
4748
3734
3105
1733
2529
2213
1779
242
1823
2556
2531
2525
3297
1905
3139
3123
3073
2513
2894
2690
2696
2399
2561
2521
2355
2537
2293
2442
2164
1586
2243
2421
1517
2345
2323
2321
2260
2274
2091
2155
2087
1943
1919
1900
4181
4206
5622
4625
3764
5986
5977
5976
5975
5937
5901
2911
5898
5881
5887
5886
5039
5138
5880
3384
5270
5243
5189
5875
5874
5873
5872
5871
4595
5704
3270
5183
4225
5012
2485
4031
4380
3595
3542
2775
4211
4212
5946
5439
5905
5889
5869
5851
5783
5795
5750
5267
5080
5129
5071
5068
5067
5066
5069
5070
5072
5036
5006
4891
3025
4404
4346
4298
3341
4205
4158
3489
3807
2244
3829
3528
3728
1471
3592
3644
3596
3567
3562
3560
2898
3552
3541
3208
3315
3449
3485
3288
3326
3142
3273
3162
3106
3071
2076
1331
4100
5759
4641
4337
4583
4422
4420
4405
4374
4048
4269
3321
4268
4103
4169
3723
3898
4196
4110
4032
4928
1674
4256
1227
3830
4167
4227
4220
1755
4088
4199
4113
4185
4183
4168
4149
4134
4121
2365
4116
3995
4062
4060
4059
4056
4055
4054
2805
4011
4051
3972
4047
3816
3928
3547
3925
3885
3881
3868
3867
3851
767
3842
3800
3823
366
3775
3629
4871
4450
4345
3887
3978
2833
2463
2461
5790
5782
5772
3876
1948
2040
2878
3679
3246
3238
5029
4313
3236
3239
5015
5016
5786
4723
5709
5552
5484
5483
5479
5467
5382
5381
5436
5431
5312
5430
5407
5406
5405
5402
5401
5400
5395
5394
5392
5391
5389
5387
5386
5388
5385
5380
5379
5378
5377
5376
5375
5374
5373
5369
5361
5357
5354
5350
5349
5346
5343
5342
5341
5340
5337
5335
5334
5333
5332
5331
5330
5329
5328
5327
5326
5325
5324
5323
5320
5319
5314
5313
5298
5303
5301
5295
5291
5285
5289
5288
5281
5277
5276
5273
5262
5235
5237
5240
5239
5233
5232
5230
5225
5223
5222
5210
5209
5207
5205
5204
5203
5202
5201
5200
5198
5197
5193
5196
5191
5190
5182
5181
5177
954
5176
5107
5114
5116
5169
5159
5174
5173
5172
5164
5171
5170
5168
5167
5166
5161
5160
5154
5153
5148
5147
5083
5113
5112
5111
5110
5109
5108
5106
5082
4988
5081
5077
4966
4967
4965
4998
4914
4913
4912
4911
4910
4909
4815
4841
4816
4664
4663
4662
4646
4739
4687
4766
4747
4667
4578
4607
2495
3974
3771
3683
3637
3623
3469
3347
3391
3365
3354
3346
224
2984
2908
2844
2779
246
2667
2626
2553
2459
2422
2350
2265
2255
2349
2271
2257
1375
2203
1767
1160
570
4560
3470
3730
4018
3748
3626
1976
1624
2049
2713
2581
2753
2750
2654
2311
2739
2731
900
4940
2845
3703
3664
5398
3831
5046
5061
5047
4801
4576
3688
4447
4442
4393
4391
4283
4309
4159
4165
4142
4135
3101
3479
3821
4029
4028
4025
3862
4013
4005
3998
3927
3543
3917
3894
3913
3832
3891
2391
3883
3801
3860
3056
3846
3848
3825
3822
3814
2865
3813
2612
3160
3808
3769
3778
3618
856
3702
3687
3684
2487
3681
3475
3677
3675
3668
3662
2079
3647
3582
3368
3533
3591
3613
3612
3609
3608
3605
3573
3126
3506
1490
3511
3548
3415
3523
3515
3514
3448
3302
3503
3395
3247
3458
3455
3231
3444
3443
3137
3419
3404
3387
3382
3352
3203
3312
3306
1295
3291
1981
3277
3276
3241
3222
3187
3183
3181
3175
2889
3136
3121
3150
3141
3138
2476
3078
3119
3112
3111
3110
3104
3080
3048
2788
2926
2994
2758
2968
2872
2643
4085
3910
530
986
1290
1308
1094
875
632
523
3015
3504
1521
1564
1539
1544
768
4639
1636
1364
1176
450
994
273
390
408
346
2127
2070
2976
2800
4802
4794
4776
4568
4353
4699
4579
4652
4598
4585
3498
3474
3499
2807
2000
2723
3450
2200
2256
722
437
2449
1562
921
786
923
804
501
412
469
295
495
586
628
2208
5050
3445
4315
2144
1887
1107
3481
3586
3524
3471
3456
3467
3349
3250
3264
3296
3329
1800
2906
2811
2799
5903
1893
3992
5968
5963
5947
5938
5299
4538
2431
5870
5864
4300
5618
5533
5512
5489
5488
5455
5245
5158
4362
1792
3410
3318
2891
2716
2186
3196
2843
3148
214
3055
2981
2018
2868
1633
3303
3234
5956
5969
5684
5466
4638
4203
3785
3761
3502
2886
2633
2673
2648
2640
2606
2634
2604
2559
2475
2514
2505
2532
2435
2453
2332
2367
2189
2317
2227
2298
1634
2168
2166
2162
2116
2407
5914
5877
3371
4326
5776
5686
5435
5546
5461
5022
556
3086
3061
3167
3022
3259
3224
4096
645
2197
2032
2184
2151
1170
2092
1518
807
781
825
785
759
704
638
427
488
301
377
289
292
286
278
127
158
244
237
236
176
211
5989
5982
3893
4065
4448
4267
3990
4017
4083
4046
4044
3987
3997
2973
3122
3092
2458
2004
5506
5064
3659
3204
359
1576
1645
3149
629
515
402
77
428
287
3087
268
258
2960
2371
1973
1843
2101
2094
2080
1940
1918
2021
2014
1720
1987
1960
1892
1974
1931
1799
1668
1617
5844
917
1551
1464
177
712
462
499
191
190
2362
2389
2128
1979
5974
2742
3442
3421
3285
3274
2089
2041
718
1507
1500
1377
1319
1436
1422
1415
859
201
372
257
357
233
174
168
162
163
157
147
148
140
105
70
86
83
5275
5099
5056
4926
4535
4456
4432
4383
4387
4278
4275
571
3929
3640
3729
3706
3648
3676
3661
3643
1616
3414
3254
3253
3114
2563
2941
2893
2794
2729
2159
2550
2488
2469
2433
2393
2072
2766
2765
2114
1839
1804
1735
1870
1438
904
1392
1385
1342
920
1315
1282
1256
577
1099
1125
730
884
4297
4356
4144
2700
2721
2722
2720
2436
2180
1747
1451
1443
1198
1243
1200
1280
1055
1020
1066
1252
1013
1028
967
4427
5553
5424
4492
827
2619
1526
708
4923
4843
4828
4755
4451
4440
4395
3399
3376
3373
2920
2020
1554
1244
1667
1618
37
1480
1275
2288
2258
1485
1773
1726
1623
1568
1579
1571
1322
1448
961
1402
1391
1370
1797
1789
1772
1770
1758
1182
1040
894
1051
1049
181
194
2693
3812
3777
3423
3260
3667
2932
507
2507
2456
2394
2373
2342
2279
2270
2095
795
1172
891
784
829
411
476
186
328
302
52
3360
3157
5532
4335
3024
2356
1679
3158
2280
2228
2580
1989
1662
1510
1556
5214
5011
4906
4514
4141
3869
3845
3165
3418
3207
2867
3323
3290
3047
3084
2916
3166
3125
2875
2828
2730
2792
2783
2782
2781
2774
583
2734
4302
3740
3546
1712
2192
1778
1475
1696
1628
1661
1697
1532
2010
1574
4691
3437
3993
3849
3796
3749
3674
3654
4037
4003
4061
3866
3802
4191
3488
3909
3258
3900
3844
3615
3657
3516
3559
3518
3505
3497
3493
3491
3173
3144
3140
2946
5945
4177
2277
4790
436
958
1026
566
1006
1060
915
1050
1005
608
1047
851
241
1033
1032
1027
928
1024
953
1009
857
960
959
934
957
956
886
802
898
617
824
880
873
868
866
864
820
799
735
848
769
1337
1270
5574
3994
3636
2564
1968
1845
355
303
187
1074
1106
975
1073
846
992
867
1017
1016
932
939
919
909
911
762
5939
4537
4355
4290
4293
3985
1113
6005
6004
5993
5998
5997
5992
5995
5981
5980
5979
5964
5953
5948
5934
5933
5932
5931
5927
5926
5920
5924
5919
5890
5897
5894
5892
5891
5885
4924
5878
5868
5867
5855
5854
5843
5832
5816
5815
2483
5793
5433
5792
5702
5756
5755
5711
5703
5653
5652
5554
5619
3772
5600
5592
5581
5579
5567
5566
5538
5537
5503
5502
5492
5475
5474
5468
5412
5352
5351
5274
5265
5256
5236
5248
5247
5229
5220
5211
5155
5140
5137
5136
5135
5134
5131
5095
4516
5091
5090
5073
4463
5045
5043
5020
3989
5024
5019
5018
4942
4973
4972
4889
4895
4861
4822
4878
4877
4865
4864
4859
4854
4838
4837
4826
4821
4820
4461
4799
4767
4772
2413
3425
4674
4671
4640
4606
3806
4612
4555
4542
4498
3743
4482
4457
4446
4436
4435
4381
4373
4364
2313
4349
4343
4294
4221
4216
3102
4090
4127
4117
3920
4102
4093
4080
4079
4067
4066
4064
3991
4063
4002
3952
3979
3908
3907
3906
3890
3839
3836
3835
3819
3818
3811
3803
3758
3805
3774
3773
3754
3742
3741
3739
3718
3663
3717
3693
3692
3691
3690
3577
3666
3635
3634
3633
3632
3631
3588
3617
3616
3614
3606
3594
3587
3300
3536
3532
3508
3507
3328
3486
3480
3457
3447
3446
3170
3426
3424
2899
3407
3393
3364
3363
3362
3334
3325
3324
3305
3304
3269
3284
3283
3266
3228
3213
3212
3211
2526
3200
3199
3179
3178
3177
3163
3176
3156
3155
3128
3124
3118
3117
3095
3067
3064
1462
3053
3051
3041
3028
1897
2183
3021
3008
2990
2772
2989
2986
2985
2983
2972
2971
2947
2927
2909
2834
2379
2785
2448
2818
2820
2789
2797
2791
2786
2773
2769
2715
2587
1781
2687
2118
2663
2646
2655
2653
2616
2614
2613
2530
2596
2595
2579
2577
2551
2547
2528
2527
2509
2506
2482
2481
2450
2446
2432
2428
2390
2340
2299
2314
2302
2264
2248
2247
2215
2191
2190
2177
2172
2121
2170
2129
2052
2109
2074
2039
2029
2025
1993
2005
1898
1653
1983
1978
1970
1977
1959
1957
1928
1926
1884
1894
1869
1857
1836
1834
1808
1812
1095
1795
1796
1786
1784
1734
1732
1724
1721
1709
1699
1694
1691
1678
1649
1672
1655
1654
1651
1644
1640
1625
1627
1515
1597
1613
1492
1601
1594
1581
1561
1560
1558
1552
1547
1540
1534
1523
1469
1506
1505
1498
1497
1437
1288
1486
1484
1483
1482
1474
1460
1459
1452
1450
1446
1417
1441
1445
1356
1440
1338
1426
1434
1432
528
1414
1406
1405
1393
1382
1362
1361
1328
1299
1314
1305
380
1294
1090
1112
1137
1136
950
976
836
458
267
248
79
65
4882
2888
1611
1302
1300
1296
1114
1117
1116
1108
1101
1092
1001
2517
2133
1822
1818
1816
1722
822
1751
1367
5859
4719
5817
5811
5520
3766
5754
5525
5440
5840
5606
5828
5510
4385
5629
5819
5769
5807
5528
5594
5799
5784
5698
5482
5676
5065
5613
5623
5624
5617
5539
5521
5450
5005
5526
5513
5511
5487
5157
5485
5318
5317
5100
4768
3262
870
3439
1769
1312
478
463
2386
2510
1698
1683
1673
1575
1660
1659
1646
899
1626
1522
1614
1607
1605
1595
1598
1588
3859
2738
2678
2737
2676
2674
2717
2712
2709
2708
2707
2706
2497
1862
1680
1692
1682
1676
1496
1421
1553
1536
1516
1524
1513
1511
1379
1488
1457
1479
1240
801
1278
1263
1037
667
913
1687
1283
317
1181
1157
1132
890
818
736
727
407
514
435
318
315
313
690
671
284
1327
3031
1303
626
835
834
475
2808
2417
2330
2301
2051
1704
847
701
680
557
615
485
5929
758
651
658
924
306
305
943
2130
1985
1863
4153
4150
500
3593
4157
1708
1186
800
797
794
1430
1429
470
1423
1416
1351
561
467
5053
554
3492
3482
3298
3235
2974
2995
2740
2451
869
2478
2193
1345
1763
1706
1681
1530
1470
1468
587
1966
2196
1942
1785
1849
1842
1776
1688
1658
1621
1599
1494
922
1431
5146
5570
3660
4292
3996
2743
2211
508
1449
1286
1242
1373
1346
1130
1307
1333
1330
1325
1323
1320
1269
1262
1229
1266
1265
1264
1104
1249
1248
1225
1224
1202
1221
1215
1208
1205
1195
1068
688
1103
971
1347
1078
2300
1279
1064
394
885
3540
1214
544
3971
4101
1340
1292
987
692
678
1717
1465
1669
1635
1592
1179
1602
112
1354
1573
1550
1504
1503
1454
1203
1425
1410
1407
1344
1235
1156
1124
1030
1029
844
776
1007
973
902
810
633
743
479
788
1147
811
805
803
763
642
831
689
276
4922
2206
5664
5582
5575
4811
4577
2477
2406
5252
5133
4753
4133
3884
4026
4020
3999
3889
3879
3037
3694
3544
3537
3320
2363
3082
3093
2874
2480
2624
2246
2489
2239
1606
1855
1847
2199
2209
2608
1411
403
5253
5308
5307
5254
3583
1493
1491
1456
502
443
281
2084
793
4618
607
406
348
1321
1310
154
4243
991
1260
2501
1048
1164
1126
1070
843
907
852
169
702
262
559
457
95
997
942
1313
1435
1374
840
5805
1140
1139
1143
1145
721
541
477
487
503
300
316
94
1304
1057
778
1358
1100
1138
990
974
724
812
815
649
806
669
1151
1150
589
578
433
1120
845
1058
790
789
603
526
1501
558
97
1854
379
329
5030
542
1063
916
716
1247
439
978
1102
517
497
482
339
444
676
4544
4486
2970
1035
1250
1239
720
653
661
663
622
611
602
601
600
581
580
170
1572
389
2368
850
259
817
808
774
772
764
371
367
349
323
674
668
360
849
183
618
506
490
4179
5861
106
307
2562
2499
1476
1168
623
5991
624
1783
532
275
340
299
279
264
255
252
250
164
218
213
205
172
1184
2043
1844
1835
1831
1774
1821
1761
1745
1748
1444
1442
1228
46
5093
5063
4939
3398
3340
2281
3060
3058
2748
2665
2241
2366
2308
2179
2152
2122
2027
2007
1814
1798
1671
1768
1760
1711
1630
1705
1650
1419
1397
4437
4190
4152
3589
3377
3009
2427
2335
2237
2210
1980
1622
1549
1481
1458
1420
1336
1259
1237
3279
2445
572
830
1067
679
291
613
531
99
5260
5079
5789
5944
5884
5593
5542
5534
5527
5496
5643
5824
5336
5152
5042
5009
5017
4887
4944
4943
4862
4917
5257
3711
3727
3619
3569
3570
3566
3565
3564
3563
3555
3556
3557
3558
3553
3554
3432
3431
3116
3109
3108
2815
2956
2953
2863
2714
2541
2542
2522
2545
2544
2543
2504
2473
2374
2285
5860
5779
5530
5454
4735
4323
4314
3189
3096
4099
2913
2954
3865
3852
3863
3765
3620
3422
3074
2907
3652
3579
3100
3043
3501
2966
3409
3400
2858
2952
2915
3091
3072
3042
3210
3016
3077
2949
3192
2847
3079
3094
3088
3085
3033
3011
3083
3075
2895
2416
3069
3070
3035
2511
3038
3010
2997
2991
2975
2959
2933
2914
2854
2931
2930
2910
2912
2905
2862
2851
2857
2827
2832
2853
2824
2919
2873
2423
2357
1945
1955
4316
3847
5447
4812
4897
4938
4261
4174
4241
3922
3886
3539
4738
4737
4655
4637
4509
1509
5918
5835
4831
4651
4502
4412
4410
3770
2420
2582
2259
938
1715
1876
2439
2460
2444
2443
1372
659
636
1925
1883
1609
1637
1642
1610
1603
1589
4829
4761
2254
2037
2035
2022
2009
1972
1988
1904
1882
1871
1872
1874
1866
1865
1852
1851
1805
1790
1782
5427
2630
2038
2216
2139
2161
2057
1999
1965
1941
1963
1924
1934
2078
5287
4095
1949
1994
2163
2138
2136
2107
2106
1961
1538
1360
5722
2575
1065
1155
382
2360
1133
4366
2400
1046
409
392
828
648
696
685
3622
3226
598
564
897
833
536
694
552
596
5936
5866
453
451
370
998
445
2113
327
951
576
454
103
297
4970
5863
5829
5726
5778
5743
5249
5460
5700
5640
5638
5639
5636
5633
5462
5463
5459
5306
5383
5445
5425
5426
5409
5362
5347
5310
5339
5322
5300
4239
4200
4148
5625
5583
5580
5372
5902
4527
4615
5184
4348
4327
3645
4507
4936
4935
4933
4466
4798
3872
4541
4540
4529
4504
4467
4285
4030
2316
4706
4517
4549
4240
4226
4089
4012
4453
4010
912
895
809
749
748
747
734
3698
3484
5355
5272
4546
3159
3430
2816
665
597
5578
3935
1901
2324
2307
1191
2988
2376
4386
2535
2426
4757
4249
2412
2305
2263
2235
2234
1878
1826
1809
2024
5987
5187
5094
5040
5008
4428
2627
2586
2099
1895
1632
877
970
2185
1935
1830
1825
1807
1801
1740
1780
1775
972
738
798
876
3874
3855
865
855
821
750
746
2354
543
512
988
1123
926
5504
5219
4919
4881
4880
4848
4825
4778
4765
5803
5798
5679
5658
5250
5033
5437
5923
5309
5470
5293
5410
5178
5120
4834
4806
5444
5434
5419
1324
4593
4903
5119
5034
4803
4670
5283
5074
5560
4731
4417
4000
5985
5813
5810
5797
5753
3882
3678
3510
3509
4980
5268
5145
5124
5117
4734
4992
4539
4644
4621
4586
4752
4582
4565
4528
4754
4045
4656
4657
4630
4552
4520
4058
4480
4643
4624
4617
4589
4497
4494
4485
4413
4730
3103
4106
4905
4180
2760
2752
2749
2746
2745
2744
2736
2735
5999
5916
5802
5670
5616
5143
5573
5531
5514
4016
2339
2137
3066
2798
2282
2382
2331
5393
4758
3358
1023
965
968
771
2338
4195
4164
1424
1199
1061
1604
4369
4425
4378
4257
4902
5647
2245
2232
2148
1906
2015
1542
3861
2286
1881
1759
1695
1710
1495
4551
4548
2001
1418
1193
5966
5957
5941
5940
5922
5853
5796
5773
5740
5660
5054
5241
5597
5518
5517
2387
2385
2268
1913
1962
2309
2069
2064
2047
1875
5978
4372
3252
4289
4288
5910
5909
5906
5908
4952
5907
5744
5687
5286
5657
5656
5559
5883
5876
5677
5846
5847
5806
5602
5757
5695
5662
5645
5571
5540
5499
5561
4763
3902
5678
5604
5365
3915
3817
3826
5360
5278
1014
3733
4982
4894
4685
5060
4955
4097
3517
4949
5084
5058
5026
4999
4810
4474
5766
5765
4128
3522
4600
5151
5165
5122
5085
5010
4997
4523
4994
4696
5390
5075
4042
4319
4299
4112
4027
4023
3651
3914
2852
3751
3712
3639
3561
3525
3495
3468
3357
3286
3280
3248
3249
3218
3180
3115
3081
5648
5055
4780
4338
4842
4839
4392
5002
4976
4892
4959
4957
4956
4932
4808
4792
4954
4953
4904
4951
4950
4175
4948
4947
4920
4151
4809
5264
5258
5023
4927
4896
4325
4145
4076
3871
3460
3310
3261
3243
3169
2890
3030
3017
2826
2806
2756
2660
2664
2645
2637
4769
4161
4525
4930
4962
4702
4690
4572
4441
4322
4306
4296
4171
4846
4513
4277
2870
4705
4653
4695
4580
4481
3580
3625
3604
5098
4377
4342
3905
4495
4035
4876
4506
4207
4397
4388
4008
4156
5218
4186
4155
5672
5127
5126
5791
5767
5725
5724
5714
5699
5694
5642
5685
5723
5631
5961
4154
3783
3782
1311
1309
5748
4001
4255
4033
3853
3984
2936
2810
5967
5693
5590
5234
5051
4874
4324
5930
5464
3034
5800
5820
5804
4900
5456
5244
5242
5031
4832
4750
4736
4751
4704
4367
4259
4094
4006
3973
3780
3755
3752
3705
3670
3686
3685
5710
3361
3232
2414
2493
2502
3188
3375
2160
2659
2429
3454
3359
2939
3012
3428
2902
3401
3351
3322
1196
2871
2921
2681
1703
2793
2695
2677
2689
2675
2425
2295
2290
5822
2327
2060
2500
5661
5180
5577
5477
4232
3097
2823
4224
3921
2885
2841
2154
4352
3726
3708
2578
2150
2126
1932
1868
1828
1131
3888
5105
5990
595
5179
5770
5721
3896
5555
4602
5452
4250
4399
2999
5194
4872
5848
5558
5960
5849
5311
2964
5749
5747
5706
5688
5516
5634
4847
5911
5088
5087
5057
3171
2918
2883
2882
2856
2849
5708
2945
2904
3977
2073
5263
5097
3877
4581
4564
3840
752
3529
3575
4658
3459
3267
2771
1161
555
549
3089
3478
3215
1685
1995
814
5830
5745
5741
2825
1777
2685
2813
3680
3344
1135
2153
2226
2223
2182
2086
2088
1531
5415
2662
1467
1408
673
1359
1381
1129
1118
1297
977
728
4091
3403
5809
5808
5768
5720
5646
5495
652
3313
5912
5615
5603
5491
5089
5104
4901
4869
5118
4007
4550
4547
1273
3975
684
3956
2900
5458
3983
2996
2111
1739
3930
4728
4727
4726
4725
3933
3934
4724
3937
3939
4068
3941
4722
4317
4786
4721
4073
4785
4720
3946
4784
3947
4783
3948
3949
3191
4718
4782
3551
4340
4781
3519
4359
3954
4716
4341
3960
4715
4714
4713
3961
4712
4711
3962
3133
3963
3964
4308
3965
4710
4358
3065
3969
4357
4074
3130
4072
4071
3131
4070
4069
3943
3942
3936
3970
3968
3967
2656
3959
3135
3958
3955
3953
3951
3950
3945
3944
3940
3938
3256
3932
3931
3134
3132
5038
4414
2465
1787
5188
5888
5556
5003
3294
3154
2641
2520
3599
3068
2830
3052
2935
5899
5949
5994
5962
5958
5952
5955
5650
5900
5951
5950
5943
5942
5935
4390
4368
4329
4123
3602
3369
5826
3331
5850
5761
4503
1766
4321
4215
4081
3046
2922
4034
4230
4229
4019
933
432
4508
4512
3411
2599
2068
5049
5032
3271
3263
3244
5371
5370
5364
5238
5199
4977
4968
1389
4660
4692
1519
641
1236
1169
1146
816
657
761
707
646
683
573
5764
5762
5760
4984
4979
2864
2850
4182
3899
3745
3174
858
3607
4628
4318
3383
332
1631
1298
1173
1233
999
582
1914
1903
1891
1867
1827
879
631
5163
1728
1177
863
391
1409
1121
940
398
4222
3301
723
1730
1608
1580
1570
1399
1285
1232
1109
1008
766
471
731
711
1091
985
860
2401
2381
4407
4479
4311
4310
3477
5701
5292
5282
5221
4975
4460
4789
4403
3151
2375
5970
2515
4700
3521
3332
1127
682
562
737
220
4015
3716
524
504
131
2403
760
2222
2169
2982
2490
2474
2240
2082
1929
1175
1021
952
461
675
474
496
483
1390
1388
1387
1378
525
385
344
333
343
426
335
413
331
364
362
381
519
337
422
420
373
376
369
341
414
400
397
336
338
334
388
182
4433
1213
5823
5713
5545
5814
5780
995
1054
1455
1197
1230
1212
1210
1022
1466
1039
1167
1152
1105
5564
826
4396
1718
1716
1707
1663
1569
1590
1038
980
5775
1042
2790
1791
1641
4234
3737
660
565
1194
1004
1045
901
1015
755
949
5522
1969
1326
4620
5837
5659
5130
5568
5589
5588
5587
5586
5585
4863
4915
5261
2383
4689
2347
2377
5271
3753
3721
3731
3201
4477
3281
2372
2353
2352
2320
2134
5453
2326
2026
3834
1433
1349
1341
1178
982
1238
1036
1093
3597
1003
1002
1824
5862
6003
5821
5644
5833
5675
5507
5557
5048
5915
5839
5515
5601
5705
5836
5785
5683
5549
5818
1371
1365
1350
1231
2523
1643
1514
1077
969
947
854
1076
1025
698
874
459
2869
903
693
1189
966
944
4824
4823
4429
4426
1187
1254
914
4040
1012
1000
1380
637
588
4619
1122
3747
1241
1329
1255
1216
1206
1163
1089
1088
1087
1086
1085
1083
1082
1081
1080
1079
1276
1274
560
430
946
3627
1141
1142
1144
1062
754
717
1723
1737
3026
3870
837
981
745
1287
1149
706
955
5626
5438
4974
4105
4178
4041
4039
4108
1148
889
936
819
575
456
1261
529
1084
1234
893
1251
1489
979
1253
662
1111
2287
1343
1729
1472
5078
4888
3098
2008
2978
1927
2023
756
1209
1395
883
614
609
599
740
604
3147
2611
5641
4908
4764
739
719
4476
4475
4473
4472
4471
4470
4469
4468
4465
4464
4120
2591
1813
513
509
510
5356
4981
4567
4749
2171
2157
2156
1908
5302
5290
4050
3827
4130
4129
5359
4995
5486
4143
5681
5774
4958
4931
4929
4087
4526
4496
4043
5669
5668
5665
5663
5246
4849
3372
5752
5519
1684
2814
5416
1158
4793
4104
5738
5996
5959
5954
1461
715
1306
1031
1559
5763
5788
1577
1096
1059
1056
1075
1110
1153
2836
1545
996
989
839
2384
3732
4111
1355
983
5896
1188
1427
1071
4109
1284
5004
5666
993
1180
1097
1171
1211
